f 44.128 -18553 -4910 -1508 5602 

f 44.128 -18553 -4910 -1508 5602 

f 44.128 -18553 -4910 -1508 5602 

f 44.128 -18553 -4910 -1508 5602 

f 44.128 -18553 -4910 -1508 5602 

f 44.128 -18553 -4910 -1508 5602 

f 44.128 -18553 -4910 -1508 5602 

f 44.128 -18553 -4910 -1508 5602 

f 44.128 -18553 -4910 -1508 5602 

f 44.128 -18553 -4910 -1508 5602 

f 44.128 -18553 -4910 -1508 5602 

f 44.128 -18553 -4910 -1508 5602 

f 44.128 -18437 -4910 -1508 5602 

f 44.128 -18115 -4910 -1508 5602 

f 44.128 -17793 -4910 -1508 5602 

f 44.128 -17471 -4910 -1508 5602 

f 44.128 -17149 -4910 -1508 5602 

f 44.128 -16827 -4910 -1508 5602 

f 44.128 -16505 -4910 -1508 5602 

f 44.128 -16183 -4910 -1508 5602 

f 44.128 -15861 -4910 -1508 5602 

f 44.128 -15539 -4910 -1508 5602 

f 44.128 -15217 -4910 -1508 5602 

f 44.128 -14895 -4910 -1508 5602 

f 44.128 -14573 -4910 -1508 5602 

f 44.128 -14251 -4910 -1508 5602 

f 44.128 -13929 -4910 -1508 5602 

f 44.128 -13607 -4910 -1508 5602 

f 44.128 -13285 -4910 -1508 5602 

f 44.128 -12963 -4910 -1508 5602 

f 44.128 -12641 -4910 -1508 5602 

f 44.128 -12319 -4910 -1508 5602 

f 44.128 -11997 -4910 -1508 5602 

f 44.128 -11675 -4910 -1508 5602 

f 44.128 -11353 -4910 -1508 5602 

f 44.128 -11031 -4910 -1508 5602 

f 44.128 -10709 -4910 -1508 5602 

f 44.128 -10387 -4910 -1508 5602 

f 44.128 -10065 -4910 -1508 5602 

f 44.128 -9743 -4910 -1508 5602 

f 44.128 -9718 -4910 -1805 5602 

f 44.128 -9718 -4910 -2127 5602 

f 44.128 -9718 -4910 -2449 5602 

f 44.128 -9718 -4910 -2681 5512 

f 44.128 -9718 -4910 -2681 5190 

f 44.128 -9718 -4910 -2681 4868 

f 44.128 -9718 -4910 -2681 4546 

f 44.128 -9718 -5218 -2681 4532 

f 44.128 -9718 -5541 -2681 4532 

f 44.128 -9718 -5864 -2681 4532 

f 44.128 -9718 -6017 -2681 4532 

f 44.128 -9718 -6017 -2681 4532 

f 44.128 -9718 -6017 -2681 4532 

f 44.128 -9718 -6017 -2681 4532 

f 44.128 -9718 -6017 -2681 4532 

f 44.128 -9718 -6017 -2681 4532 

f 44.128 -9718 -6017 -2681 4532 

f 44.128 -9718 -6017 -2681 4532 

f 44.128 -9718 -6017 -2681 4532 

f 44.128 -9718 -6017 -2681 4532 

f 44.128 -9718 -6017 -2681 4532 

f 44.128 -9718 -6017 -2681 4532 

f 44.128 -9718 -6017 -2681 4532 

f 44.128 -9718 -6017 -2681 4532 

f 44.128 -9718 -6017 -2681 4532 

f 44.128 -9718 -6017 -2681 4532 

f 44.128 -9718 -6017 -2681 4532 

f 44.128 -9718 -6017 -2681 4532 

f 44.128 -9718 -6017 -2681 4532 

f 44.128 -9718 -6017 -2681 4532 

f 44.128 -9718 -6017 -2681 4532 

f 44.128 -9718 -6017 -2681 4532 

f 44.128 -9718 -6017 -2681 4532 

f 44.128 -9718 -6017 -2681 4532 

f 44.128 -9718 -6017 -2681 4532 

f 44.128 -9718 -6017 -2681 4532 

f 44.128 -9718 -6017 -2681 4532 

f 44.128 -9718 -6017 -2681 4532 

f 44.128 -9718 -6017 -2681 4532 

f 44.128 -9718 -6017 -2681 4532 

f 44.128 -9718 -6017 -2681 4532 

f 44.128 -9718 -6017 -2681 4532 

f 44.128 -9718 -6017 -2681 4532 

f 44.128 -9718 -6017 -2681 4532 

f 44.128 -9718 -6017 -2681 4532 

f 44.128 -9718 -6017 -2681 4532 

f 44.128 -9718 -6017 -2681 4532 

f 44.128 -9718 -6017 -2681 4532 

f 44.128 -9718 -6017 -2681 4532 

f 44.128 -9718 -6017 -2681 4532 

f 44.128 -9718 -6017 -2681 4532 

f 44.128 -9718 -6017 -2681 4532 

f 44.128 -9718 -6017 -2681 4532 

f 44.128 -9718 -6017 -2681 4532 

f 44.128 -9718 -6017 -2681 4532 

f 44.128 -9718 -6017 -2681 4532 

f 44.128 -9718 -6017 -2681 4532 

f 44.128 -9718 -6017 -2681 4532 

f 44.128 -9718 -6017 -2681 4532 

f 44.128 -9718 -6017 -2681 4532 

f 44.128 -9718 -6017 -2681 4532 

f 44.128 -9718 -6017 -2681 4532 

f 44.128 -9718 -6017 -2681 4532 

f 44.128 -9718 -6017 -2681 4532 

f 44.128 -9718 -6017 -2681 4532 

f 44.128 -9718 -6017 -2681 4532 

f 44.128 -9718 -6017 -2681 4532 

f 44.128 -9718 -6017 -2681 4532 

f 44.128 -9718 -6017 -2681 4532 

f 44.128 -9718 -6017 -2681 4532 

f 44.128 -9718 -6017 -2681 4532 

f 44.128 -9718 -6017 -2681 4532 

f 44.128 -9718 -6017 -2681 4532 

f 44.128 -9718 -6017 -2681 4532 

f 44.128 -9718 -6017 -2681 4532 

f 44.128 -9718 -6017 -2681 4532 

f 44.128 -9718 -6017 -2681 4532 

f 44.128 -9718 -6017 -2681 4532 

f 44.128 -9718 -6017 -2681 4532 

f 44.128 -9718 -6017 -2681 4532 

f 44.128 -9718 -6017 -2681 4532 

f 44.128 -9718 -6017 -2681 4532 

f 44.128 -9718 -6017 -2681 4532 

f 44.128 -9718 -6017 -2681 4532 

f 44.128 -9718 -6017 -2681 4532 

f 44.128 -9718 -6017 -2681 4532 

f 44.128 -9718 -6017 -2681 4532 

f 44.128 -9718 -6017 -2681 4532 

f 44.128 -9718 -6017 -2681 4532 

f 44.128 -9718 -6017 -2681 4532 

f 44.128 -9718 -6017 -2681 4532 

f 44.128 -9718 -6017 -2681 4532 

f 44.128 -9718 -6017 -2681 4532 

f 44.128 -9718 -6017 -2681 4532 

f 44.128 -9718 -6017 -2681 4532 

f 44.128 -9718 -6017 -2681 4532 

f 44.128 -9718 -6017 -2681 4532 

f 44.128 -9718 -6017 -2681 4532 

f 44.128 -9718 -6017 -2681 4532 

f 44.128 -9718 -6017 -2681 4532 

f 44.128 -9718 -6017 -2681 4532 

f 44.128 -9718 -6017 -2681 4532 

f 44.128 -9718 -6017 -2681 4532 

f 44.128 -9718 -6017 -2681 4532 

f 44.128 -9718 -6017 -2681 4532 

f 44.128 -9718 -6017 -2681 4532 

f 44.128 -9718 -6017 -2681 4532 

f 44.128 -9718 -6017 -2681 4532 

f 44.128 -9718 -6017 -2681 4532 

f 44.128 -9718 -6017 -2681 4532 

f 44.128 -9718 -6017 -2681 4532 

f 44.128 -9718 -6017 -2681 4532 

f 44.128 -9718 -6017 -2681 4532 

f 44.128 -9718 -6017 -2681 4532 

f 44.128 -9718 -6017 -2681 4532 

f 44.128 -9718 -6017 -2681 4532 

f 44.128 -9718 -6017 -2681 4532 

f 44.128 -9718 -6017 -2681 4532 

f 44.128 -9718 -6017 -2681 4532 

f 44.128 -9718 -6017 -2681 4532 

f 44.128 -9718 -6017 -2681 4532 

f 44.128 -9718 -6017 -2681 4532 

f 44.128 -9718 -6017 -2681 4532 

f 44.128 -9718 -6017 -2681 4532 

f 44.128 -9718 -6017 -2681 4532 

f 44.128 -9718 -6017 -2681 4532 

f 44.128 -9718 -6017 -2681 4532 

f 44.128 -9718 -6017 -2681 4532 

f 44.128 -9718 -6017 -2681 4532 

f 44.128 -9718 -6017 -2681 4532 

f 44.128 -9718 -6017 -2681 4532 

f 44.128 -9718 -6017 -2681 4532 

f 44.128 -9718 -6017 -2681 4532 

f 44.128 -9718 -6017 -2681 4532 

f 44.128 -9718 -6017 -2681 4532 

f 44.128 -9718 -6017 -2681 4532 

f 44.128 -9718 -6017 -2681 4532 

f 44.128 -9718 -6017 -2681 4532 

f 44.128 -9718 -6017 -2681 4532 

f 44.128 -9718 -6017 -2681 4532 

f 44.128 -9718 -6017 -2681 4532 

f 44.128 -9718 -6017 -2681 4532 

f 44.128 -9718 -6017 -2681 4532 

f 44.128 -9718 -6017 -2681 4532 

f 44.128 -9718 -6017 -2681 4532 

f 44.128 -9718 -6017 -2681 4532 

f 44.128 -9718 -6017 -2681 4532 

f 44.128 -9718 -6017 -2681 4532 

f 44.128 -9718 -6017 -2681 4532 

f 44.128 -9718 -6017 -2681 4532 

f 44.128 -9718 -6017 -2681 4532 

f 44.128 -9718 -6017 -2681 4532 

f 44.128 -9718 -6017 -2681 4532 

f 44.128 -9718 -6017 -2681 4532 

f 44.128 -9718 -6017 -2681 4532 

f 44.128 -9718 -6017 -2681 4532 

f 44.128 -9718 -6017 -2681 4532 

f 44.128 -9718 -6017 -2681 4532 

f 44.128 -9718 -6017 -2681 4532 

f 44.128 -9718 -6017 -2681 4532 

f 44.128 -9718 -6017 -2681 4532 

f 44.128 -9718 -6017 -2681 4532 

f 44.128 -9718 -6017 -2681 4532 

f 44.128 -9718 -6017 -2681 4532 

f 44.128 -9718 -6017 -2681 4532 

f 44.128 -9718 -6017 -2681 4532 

f 44.128 -9718 -6017 -2681 4532 

f 44.128 -9718 -6017 -2681 4532 

f 44.128 -9718 -6017 -2681 4532 

f 44.128 -9718 -6017 -2681 4532 

f 44.128 -9718 -6017 -2681 4532 

f 44.128 -9718 -6017 -2681 4532 

f 44.128 -9718 -6017 -2681 4532 

f 44.128 -9718 -6017 -2681 4532 

f 44.128 -9718 -6017 -2681 4532 

f 44.128 -9718 -6017 -2681 4532 

f 44.128 -9718 -6017 -2681 4532 

f 44.128 -9718 -6017 -2681 4532 

f 44.128 -9718 -6017 -2681 4532 

f 44.128 -9718 -6017 -2681 4532 

f 44.128 -9718 -6017 -2681 4532 

f 44.128 -9718 -6017 -2681 4532 

f 44.128 -9718 -6017 -2681 4532 

f 44.128 -9718 -6017 -2681 4532 

f 44.128 -9718 -6017 -2681 4532 

f 44.128 -9718 -6017 -2681 4532 

f 44.128 -9718 -6017 -2681 4532 

f 44.128 -9718 -6017 -2681 4532 

f 44.128 -9718 -6017 -2681 4532 

f 44.128 -9718 -6017 -2681 4532 

f 44.128 -9718 -6017 -2681 4532 

f 44.128 -9718 -6017 -2681 4532 

f 44.128 -9718 -6017 -2681 4532 

f 44.128 -9718 -6017 -2681 4532 

f 44.128 -9718 -6017 -2681 4532 

f 44.128 -9718 -6017 -2681 4532 

f 44.128 -9718 -6017 -2681 4532 

f 44.128 -9718 -6017 -2681 4532 

f 44.128 -9718 -6017 -2681 4532 

f 44.128 -9718 -6017 -2681 4532 

f 44.128 -9718 -6017 -2681 4532 

f 44.128 -9718 -6017 -2681 4532 

f 44.128 -9718 -6017 -2681 4532 

f 44.128 -9718 -6017 -2681 4532 

f 44.128 -9718 -6017 -2681 4532 

f 44.128 -9718 -6017 -2681 4532 

f 44.128 -9718 -6017 -2681 4532 

f 44.128 -9718 -6017 -2681 4532 

f 44.128 -9718 -6017 -2681 4532 

f 44.128 -9718 -6017 -2681 4532 

f 44.128 -9718 -6017 -2681 4532 

f 44.128 -9718 -6017 -2681 4532 

f 44.128 -9718 -6017 -2681 4532 

f 44.128 -9718 -6017 -2681 4532 

f 44.128 -9718 -6017 -2681 4532 

f 44.128 -9718 -6017 -2681 4532 

f 44.128 -9718 -6017 -2681 4532 

f 44.128 -9718 -6017 -2681 4532 

f 44.128 -9718 -6017 -2681 4532 

f 44.128 -9718 -6017 -2681 4532 

f 44.128 -9718 -6017 -2681 4532 

f 44.128 -9718 -6017 -2681 4532 

f 44.128 -9718 -6017 -2681 4532 

f 44.128 -9718 -6017 -2681 4532 

f 44.128 -9718 -6017 -2681 4532 

f 44.128 -9718 -6017 -2681 4532 

f 44.128 -9718 -6017 -2681 4532 

f 44.128 -9718 -6017 -2681 4532 

f 44.128 -9718 -6017 -2681 4532 

f 44.128 -9718 -6017 -2681 4532 

f 44.128 -9718 -6017 -2681 4532 

f 44.128 -9718 -6017 -2681 4532 

f 44.128 -9718 -6017 -2681 4532 

f 44.128 -9718 -6017 -2681 4532 

f 44.128 -9718 -6017 -2681 4532 

f 44.128 -9718 -6017 -2681 4532 

f 44.128 -9718 -6017 -2681 4532 

f 44.128 -9718 -6017 -2681 4532 

f 44.128 -9718 -6017 -2681 4532 

f 44.128 -9718 -6017 -2681 4532 

f 44.128 -9718 -6017 -2681 4532 

f 44.128 -9718 -6017 -2681 4532 

f 44.128 -9718 -6017 -2681 4532 

f 44.128 -9718 -6017 -2681 4532 

f 44.128 -9718 -6017 -2681 4532 

f 44.128 -9718 -6017 -2681 4532 

f 44.128 -9718 -6017 -2681 4532 

f 44.128 -9718 -6017 -2681 4532 

f 44.128 -9718 -6017 -2681 4532 

f 44.128 -9718 -6017 -2681 4532 

f 44.128 -9718 -6017 -2681 4532 

f 44.128 -9718 -6017 -2681 4532 

f 44.128 -9718 -6017 -2681 4532 

f 44.128 -9718 -6017 -2681 4532 

f 44.128 -9718 -6017 -2681 4532 

f 44.128 -9718 -6017 -2681 4532 

f 44.128 -9718 -6017 -2681 4532 

f 44.128 -9718 -6017 -2681 4532 

f 44.128 -9718 -6017 -2681 4532 

f 44.128 -9718 -6017 -2681 4532 

f 44.128 -9718 -6017 -2681 4532 

f 44.128 -9718 -6017 -2681 4532 

f 44.128 -9718 -6017 -2681 4532 

f 44.128 -9718 -6017 -2681 4532 

f 44.128 -9718 -6017 -2681 4532 

f 44.128 -9718 -6017 -2681 4532 

f 44.128 -9718 -6017 -2681 4532 

f 44.128 -9718 -6017 -2681 4532 

f 44.128 -9718 -6017 -2681 4532 

f 44.128 -9718 -6017 -2681 4532 

f 44.128 -9718 -6017 -2681 4532 

f 44.128 -9718 -6017 -2681 4532 

f 44.128 -9718 -6017 -2681 4532 

f 44.128 -9718 -6017 -2681 4532 

f 44.128 -9718 -6017 -2681 4532 

f 44.128 -9718 -6017 -2681 4532 

f 44.128 -9718 -6017 -2681 4532 

f 44.128 -9718 -6017 -2681 4532 

f 44.128 -9718 -6017 -2681 4532 

f 44.128 -9718 -6017 -2681 4532 

f 44.128 -9718 -6017 -2681 4532 

f 44.128 -9718 -6017 -2681 4532 

f 44.128 -9718 -6017 -2681 4532 

f 44.128 -9718 -6017 -2681 4532 

f 44.128 -9718 -6017 -2681 4532 

f 44.128 -9718 -6017 -2681 4532 

f 44.128 -9718 -6017 -2681 4532 

f 44.128 -9718 -6017 -2681 4532 

f 44.128 -9718 -6017 -2681 4532 

f 44.128 -9718 -6017 -2681 4532 

f 44.128 -9718 -6017 -2681 4532 

f 44.128 -9718 -6017 -2681 4532 

f 44.128 -9718 -6017 -2681 4532 

f 44.128 -9718 -6017 -2681 4532 

f 44.128 -9718 -6017 -2681 4532 

f 44.128 -9718 -6017 -2681 4532 

f 44.128 -9718 -6017 -2681 4532 

f 44.128 -9718 -6017 -2681 4532 

f 44.128 -9718 -6017 -2681 4532 

f 44.128 -9718 -6017 -2681 4532 

f 44.128 -9718 -6017 -2681 4532 

f 44.128 -9718 -6017 -2681 4532 

f 44.128 -9718 -6017 -2681 4532 

f 44.128 -9718 -6017 -2681 4532 

f 44.128 -9718 -6017 -2681 4532 

f 44.128 -9718 -6017 -2681 4532 

f 44.128 -9718 -6017 -2681 4532 

f 44.128 -9718 -6017 -2681 4532 

f 44.128 -9718 -6017 -2681 4532 

f 44.128 -9718 -6017 -2681 4532 

f 44.128 -9718 -6017 -2681 4532 

f 44.128 -9718 -6017 -2681 4532 

f 44.128 -9718 -6017 -2681 4532 

f 44.128 -9718 -6017 -2681 4532 

f 44.128 -9718 -6017 -2681 4532 

f 44.128 -9718 -6017 -2681 4532 

f 44.128 -9718 -6017 -2681 4532 

f 44.128 -9718 -6017 -2681 4532 

f 44.128 -9718 -6017 -2681 4532 

f 44.128 -9718 -6017 -2681 4532 

f 44.128 -9718 -6017 -2681 4532 

f 44.128 -9718 -6017 -2681 4532 

f 44.128 -9718 -6017 -2681 4532 

f 44.128 -9718 -6017 -2681 4532 

f 44.128 -9718 -6017 -2681 4532 

f 44.128 -9718 -6017 -2681 4532 

f 44.128 -9718 -6017 -2681 4532 

f 44.128 -9718 -6017 -2681 4532 

f 44.128 -9718 -6017 -2681 4532 

f 44.128 -9718 -6017 -2681 4532 

f 44.128 -9718 -6017 -2681 4532 

f 44.128 -9718 -6017 -2681 4532 

f 44.128 -9718 -6017 -2681 4532 

f 44.128 -9718 -6017 -2681 4532 

f 44.128 -9718 -6017 -2681 4532 

f 44.128 -9718 -6017 -2681 4532 

f 44.128 -9718 -6017 -2681 4532 

f 44.128 -9718 -6017 -2681 4532 

f 44.128 -9718 -6017 -2681 4532 

f 44.128 -9718 -6017 -2681 4532 

f 44.128 -9718 -6017 -2681 4532 

f 44.128 -9718 -6017 -2681 4532 

f 44.128 -9718 -6017 -2681 4532 

f 44.128 -9718 -6017 -2681 4532 

f 44.128 -9718 -6017 -2681 4532 

f 44.128 -9718 -6017 -2681 4532 

f 44.128 -9718 -6017 -2681 4532 

f 44.128 -9718 -6017 -2681 4532 

f 44.128 -9718 -6017 -2681 4532 

f 44.128 -9718 -6017 -2681 4532 

f 44.128 -9718 -6017 -2681 4532 

f 44.128 -9718 -6017 -2681 4532 

f 44.128 -9718 -6017 -2681 4532 

f 44.128 -9718 -6017 -2681 4532 

f 44.128 -9718 -6017 -2681 4532 

f 44.128 -9718 -6017 -2681 4532 

f 44.128 -9718 -6017 -2681 4532 

f 44.128 -9718 -6017 -2681 4532 

f 44.128 -9718 -6017 -2681 4532 

f 44.128 -9718 -6017 -2681 4532 

f 44.128 -9718 -6017 -2681 4532 

f 44.128 -9718 -6017 -2681 4532 

f 44.128 -9718 -6017 -2681 4532 

f 44.128 -9718 -6017 -2681 4532 

f 44.128 -9718 -6017 -2681 4532 

f 44.128 -9718 -6017 -2681 4532 

f 44.128 -9718 -6017 -2681 4532 

f 44.128 -9718 -6017 -2681 4532 

f 44.128 -9718 -6017 -2681 4532 

f 44.128 -9718 -6017 -2681 4532 

f 44.128 -9718 -6017 -2681 4532 

f 44.128 -9718 -6017 -2681 4532 

f 44.128 -9718 -6017 -2681 4532 

f 44.128 -9718 -6017 -2681 4532 

f 44.128 -9718 -6017 -2681 4532 

f 44.128 -9718 -6017 -2681 4532 

f 44.128 -9718 -6017 -2681 4532 

f 44.128 -9718 -6017 -2681 4532 

f 44.128 -9718 -6017 -2681 4532 

f 44.128 -9718 -6017 -2681 4532 

f 44.128 -9718 -6017 -2681 4532 

f 44.128 -9718 -6017 -2681 4532 

f 44.128 -9718 -6017 -2681 4532 

f 44.128 -9718 -6017 -2681 4532 

f 44.128 -9718 -6017 -2681 4532 

f 44.128 -9718 -6017 -2681 4532 

f 44.128 -9718 -6017 -2681 4532 

f 44.128 -9718 -6017 -2681 4532 

f 44.128 -9718 -6017 -2681 4532 

f 44.128 -9718 -6017 -2681 4532 

f 44.128 -9718 -6017 -2681 4532 

f 44.128 -9718 -6017 -2681 4532 

f 44.128 -9718 -6017 -2681 4532 

f 44.128 -9718 -6017 -2681 4532 

f 44.128 -9718 -6017 -2681 4532 

f 44.128 -9718 -6017 -2681 4532 

f 44.128 -9718 -6017 -2681 4532 

f 44.128 -9718 -6017 -2681 4532 

f 44.128 -9718 -6017 -2681 4532 

f 44.128 -9718 -6017 -2681 4532 

f 44.128 -9718 -6017 -2681 4532 

f 44.128 -9718 -6017 -2681 4532 

f 44.128 -9718 -6017 -2681 4532 

f 44.128 -9718 -6017 -2681 4532 

f 44.128 -9718 -6017 -2681 4532 

f 44.128 -9718 -6017 -2681 4532 

f 44.128 -9718 -6017 -2681 4532 

f 44.128 -9718 -6017 -2681 4532 

f 44.128 -9718 -6017 -2681 4532 

f 44.128 -9718 -6017 -2681 4532 

f 44.128 -9718 -6017 -2681 4532 

f 44.128 -9718 -6017 -2681 4532 

f 44.128 -9718 -6017 -2681 4532 

f -1 -9718 -6017 -2681 4532 

f -1 -9718 -6017 -2681 4532 

p 0.16 0.6054803997175261 -0.15191276927470262 -0.2407648882104586 0.743201184067948 -32.838875 65.367071 -792.080438
p 0.191 0.6056126465739654 -0.147487047941104 -0.24304425864306028 0.7432432307125305 -32.821707 65.430177 -792.850887
p 0.221 0.6059949438996217 -0.14507927236590823 -0.2425738882789723 0.7435590090907379 -33.010634 65.910921 -798.775503
p 0.251 0.6037607440856921 -0.14988130394884686 -0.24439690600419264 0.7438269287945953 -32.91653 65.681387 -796.228683
f 0.191 -9718 -6017 -2681 4532 

p 0.28 0.6036273733477319 -0.152964064710452 -0.24700293844636126 0.7424456209043191 -32.904229 65.629125 -796.300742
p 0.311 0.6036721510283497 -0.15065678457871262 -0.24648404666696133 0.7430531609514894 -32.95006 65.606905 -796.249746
p 0.341 0.6069367280260554 -0.14752099105306685 -0.23062144134593224 0.7461090737955142 -33.235166 66.202164 -802.490727
p 0.371 0.6026428352701311 -0.1612673035150473 -0.24362647108295976 0.7426040331158994 -32.907428 65.390283 -793.819962
p 0.402 0.6042251418709463 -0.1481880606049477 -0.24444169721557854 0.7437744953949417 -33.101851 65.850789 -799.168442
p 0.434 0.6045140982185836 -0.1564884925611673 -0.23350446000757244 0.7453519302987013 -33.108312 65.810282 -798.340448
p 0.466 0.6041832689192432 -0.14535965675639495 -0.24632079101926266 0.7437465966308686 -33.058281 65.884149 -799.562886
f 0.402 -9718 -6017 -2681 4532 

p 0.498 0.604440210798717 -0.1507483285514886 -0.24374153627410935 0.743315040881052 -33.011168 65.695562 -797.223763
p 0.534 0.6042202450692084 -0.14693697971672745 -0.24413647095103377 0.7441268373066516 -33.019826 65.877435 -798.973621
p 0.566 0.604012144045308 -0.14610971069604306 -0.24780873740125792 0.7432445761658809 -33.047964 65.850438 -799.068538
p 0.598 0.6037506553353358 -0.1524362316816363 -0.24421275065146705 0.7433764187812255 -32.988363 65.741547 -796.996391
p 0.634 0.6037344087033214 -0.15349714052053323 -0.24630776760845619 0.7424796293501931 -32.957787 65.598702 -795.483236
p 0.666 0.6034466046986375 -0.1516384243013107 -0.2456906997047618 0.7432994013182036 -32.97144 65.630727 -796.343936
f 0.598 -9718 -6017 -2681 4532 

p 0.698 0.6035682179976413 -0.15334272150606496 -0.24651301250536223 0.7425784470343857 -32.925484 65.599351 -795.708536
p 0.734 0.6032753041790329 -0.14915376788504464 -0.24719463863585828 0.7434424994577591 -33.029473 65.704158 -797.484183
p 0.766 0.6040451551763363 -0.1462473026090941 -0.2480364533302992 0.7431145604817604 -33.007904 65.75238 -798.034083
p 0.798 0.6031747803040879 -0.15115516140766655 -0.24709293456392015 0.7431535843955811 -33.000496 65.640381 -796.673462
p 0.834 0.6042666811962102 -0.14699777875288908 -0.2467471364456344 0.7432153120058816 -33.048611 65.907011 -799.203973
p 0.866 0.6058081597231221 -0.1522827228930952 -0.22914626446793615 0.7465242795783672 -33.239451 66.098792 -801.558791
f 0.798 -9718 -6017 -2681 4532 

p 0.898 0.6035453809836634 -0.15165851296200208 -0.24426283574003255 0.7436855854458927 -33.009209 65.673673 -797.043364
p 0.934 0.6038321670581789 -0.15210898308059514 -0.24542322007803305 0.7429788018510353 -32.954205 65.64912 -796.112561
p 0.966 0.6042660795899303 -0.15344157333186295 -0.24034972886894995 0.74400957655127 -33.03153 65.785345 -798.117626
p 0.998 0.6038625688043726 -0.1534906858483062 -0.24462545458226115 0.7429327022012157 -32.955287 65.650711 -796.559159
p 1.034 0.6044442287998055 -0.1532488248859885 -0.23685825042046313 0.7450236573425035 -33.100389 65.888267 -798.849502
p 1.066 0.6033364524673774 -0.14980591100870802 -0.24693430974347763 0.7433485050768582 -32.966292 65.669778 -797.063403
f 0.998 -9718 -6017 -2681 4532 

p 1.098 0.6043455645800292 -0.15137470293242894 -0.24352416138589494 0.7433358931196583 -33.032371 65.74502 -797.469305
p 1.134 0.603877000063395 -0.1520894742856017 -0.2474840143175913 0.7422620830946438 -32.898617 65.520064 -794.845644
p 1.166 0.6044831499421752 -0.15139233766162988 -0.24572277452743427 0.7424962962870589 -32.966674 65.663951 -796.980014
p 1.198 0.6041808243967833 -0.15414131649879392 -0.24380996441284356 0.7428070072367384 -32.94573 65.557862 -795.493718
p 1.234 0.6037477101991742 -0.15125881318190973 -0.24701259364587502 0.7426939140722777 -32.963062 65.568803 -795.817529
p 1.266 0.6043514831096913 -0.14441946168471415 -0.24710242083307152 0.7435337921036274 -33.058078 65.908353 -799.48821
f 1.198 -9718 -6017 -2681 4532 

p 1.299 0.6052774228039285 -0.15405087703691392 -0.23885849515665225 0.7435416935182585 -32.65046 65.199278 -788.18251
p 1.334 0.6064434938020538 -0.1495253730416184 -0.2371378936832566 0.7440660252961426 -32.720528 65.353914 -789.62905
p 1.366 0.6048991846559854 -0.14985465923812427 -0.24288642684522982 0.7434019773985001 -32.588887 65.102919 -786.982461
p 1.4 0.6055327812278466 -0.15148886996652564 -0.2401711787829304 0.7434374553383761 -32.667845 65.216849 -788.22029
p 1.434 0.6053804772382777 -0.15061770102821148 -0.24100553824793766 0.7434683920651907 -32.584604 65.065234 -786.86653
p 1.466 0.6041493774974752 -0.153859858265635 -0.24076142634204484 0.7438847356949866 -32.62996 64.981267 -786.039508
f 1.4 -9718 -6017 -2681 4532 

p 1.5 0.6061127352808062 -0.1483938362478716 -0.23860082303047028 0.7440942480627034 -32.608531 65.205712 -788.248898
p 1.534 0.6051228970216266 -0.15021144008491094 -0.24130439982057672 0.7436633983194278 -32.542361 65.175945 -787.652038
p 1.566 0.6094484439742676 -0.11971013433049527 -0.23760732066692428 0.7468498845149539 -31.820543 65.301325 -775.968603
p 1.599 0.612242759700257 -0.12048122156094353 -0.23302387490102539 0.7458838716583165 -31.919701 65.467062 -777.562458
f 1.599 -9718 -6017 -2681 4532 

p 1.687 0.6025367859871384 -0.1587613918358802 -0.2500082820817521 0.7411074483501026 -33.275752 66.052699 -803.87558
p 1.77 0.6026989720019577 -0.15870815955338965 -0.24805152950510925 0.7416442880518935 -33.26206 66.042386 -804.04691
p 1.853 0.6020792777495151 -0.15738609926760067 -0.24972291247167452 0.7418682497586753 -33.286427 66.14925 -805.242319
f 1.77 -9718 -6017 -2681 4532 

p 1.937 0.6028216089545515 -0.15516108424301026 -0.2528225727329065 0.7406834681562698 -33.246437 66.108729 -805.00287
p 2.021 0.602495395002791 -0.15625761964375565 -0.2521591803621209 0.7409446672997925 -33.236695 66.1167 -804.267838
f 1.937 -9718 -6017 -2681 4532 

p 2.103 0.602792190959661 -0.1580080179190907 -0.24840835609810202 0.741598442554999 -33.282847 66.119627 -804.48681
p 2.184 0.60303309376217 -0.1521598948132781 -0.25238054449881525 0.7412843583942669 -33.300479 66.164477 -805.674599
p 2.268 0.6027835000114148 -0.158971585727906 -0.24781554917833715 0.7415979368903342 -33.260727 66.120989 -804.579528
f 2.184 -9718 -6017 -2681 4532 

p 2.35 0.6025228416897861 -0.15514841784150082 -0.2513919734312152 0.7414158752009563 -33.267014 66.088286 -804.119108
p 2.435 0.6026392160306187 -0.15635260834836526 -0.24918286222316222 0.7418136558462644 -33.309295 66.122174 -804.241008
f 2.35 -9718 -6017 -2681 4532 

p 2.519 0.6030763641697486 -0.15817262345277666 -0.24667972883271133 0.7419093610408215 -33.256111 66.116864 -804.438408
p 2.604 0.6027056117885476 -0.1563433244378784 -0.2506581793255824 0.7412644602299505 -33.282537 66.136254 -805.256463
p 2.686 0.6029308164976752 -0.1571314570007153 -0.24810003001467656 0.7417754040139103 -33.215659 66.017378 -803.764233
f 2.604 -9718 -6017 -2681 4532 

p 2.771 0.6028842603187504 -0.15530242490811993 -0.25043238452884 0.741414695025665 -33.272319 66.1845 -805.305198
p 2.853 0.6030002708367285 -0.15394553094722108 -0.2503894101018454 0.7416178261072207 -33.289352 66.134355 -805.11844
f 2.771 -9718 -6017 -2681 4532 

p 2.937 0.6031764523551303 -0.15655892880320627 -0.24647058584338147 0.7422396850074778 -33.345531 66.197426 -805.225062
p 3.022 0.6014109519941513 -0.15910836444777862 -0.25377646584402264 0.7406665916591622 -33.29067 66.139789 -804.937949
f 2.937 -9718 -6017 -2681 4532 

p 3.106 0.6009986291512186 -0.15941670327815394 -0.2511732687926221 0.7418215755827003 -33.288168 66.132498 -804.689864
p 3.188 0.6021616009827075 -0.15878228632563834 -0.24990817452488273 0.7414413328106276 -33.262491 66.038096 -803.879245
p 3.272 0.6026443042131723 -0.15727730900419049 -0.2502236199597544 0.7412639543374546 -33.249824 66.036066 -804.012021
f 3.188 -9718 -6017 -2681 4532 

p 3.355 0.6032514357268823 -0.15555747611474843 -0.24980397243071734 0.7412742407503446 -33.255201 66.16424 -804.91463
p 3.437 0.6024573406932359 -0.15693905351366283 -0.24837687209563422 0.742108145757746 -33.305566 66.21594 -805.518055
f 3.355 -9718 -6017 -2681 4532 

p 3.521 0.6029416712904567 -0.15509645804639352 -0.24873554658686126 0.7419818057068515 -33.284487 66.184304 -804.88436
p 3.607 0.6028529854963008 -0.16007980784523748 -0.24293951477485676 0.7429153720310274 -33.336565 66.250944 -806.270074
f 3.607 -9718 -6017 -2681 4532 

m 3.607 -1730.1756258870514 -1754.932312191634 -1486.4523882351218 -653.2283628661716
p 3.695 0.6028274842760549 -0.156087979650791 -0.2503247838507425 0.7413319094710547 -33.247876 66.078663 -804.195336
p 3.779 0.6029187872676655 -0.15757741546604842 -0.25046681384369246 0.7408945606494894 -33.257965 66.188248 -805.270516
m 3.779 -1730.1756258870514 -1754.932312191634 -1486.4523882351218 -653.2283628661716
p 3.862 0.6026494056407884 -0.15867319292933546 -0.24737994841743022 0.7419164373431822 -33.280953 66.187815 -805.40397
f 3.779 -9815 -6112 -2793 4280 

m 3.862 -1730.1756258870514 -1754.932312191634 -1486.4523882351218 -653.2283628661716
p 3.944 0.6035085534096938 -0.14791855185164896 -0.24993188024783516 0.7425843386444397 -33.577796 67.209335 -809.316814
m 3.944 -1730.1756258870514 -1754.932312191634 -1486.4523882351218 -653.2283628661716
p 4.025 0.6026546686554016 -0.16262674714080405 -0.25027048076649694 0.7400842857404825 -33.396772 67.67645 -804.121078
f 3.944 -9930 -6225 -2926 3982 

m 4.025 -1730.1756258870514 -1754.932312191634 -1486.4523882351218 -653.2283628661716
p 4.108 0.6061942813860275 -0.15286956270840707 -0.24405942997715827 0.741346073032022 -33.420404 68.646705 -806.933787
p 4.19 0.6084742795704269 -0.15078276634265278 -0.24531387746813735 0.7394893508361023 -33.345027 69.634686 -805.762748
m 4.19 -1730.1756258870514 -1754.932312191634 -1486.4523882351218 -653.2283628661716
f 4.19 -10045 -6338 -3059 3683 

m 4.19 -1730.1756258870514 -1754.932312191634 -1486.4523882351218 -653.2283628661716
p 4.318 0.6087154162713918 -0.15316026244438424 -0.24475025838713843 0.7389890053309318 -33.192119 70.058638 -803.874201
m 4.318 -1730.1756258870514 -1754.932312191634 -1486.4523882351218 -653.2283628661716
p 4.411 0.6106585470558388 -0.15893266126282082 -0.22770420406291053 0.7416112526115013 -33.320548 71.466503 -806.953382
p 4.493 0.6104476992028063 -0.1582784790194981 -0.23737965446991893 0.7388859857921248 -33.136022 72.12306 -802.999142
f 4.411 -10160 -6451 -3191 3385 

m 4.493 -1730.1756258870514 -1754.932312191634 -1486.4523882351218 -653.2283628661716
p 4.576 0.6156279306293861 -0.15750953542700702 -0.23516973624880394 0.7354507121486796 -32.875323 73.050307 -802.568783
m 4.576 -1730.1756258870514 -1754.932312191634 -1486.4523882351218 -653.2283628661716
p 4.657 0.6188908276125088 -0.15454825743696113 -0.23392106093444517 0.7337368397456951 -32.755576 74.103937 -802.952586
f 4.576 -10275 -6564 -3324 3087 

m 4.657 -1730.1756258870514 -1754.932312191634 -1486.4523882351218 -653.2283628661716
p 4.74 0.6215673115015204 -0.15579103211211684 -0.23017682780722862 0.7323945316562651 -32.695031 74.69825 -801.531723
m 4.74 -1730.1756258870514 -1754.932312191634 -1486.4523882351218 -653.2283628661716
p 4.822 0.6235870928742927 -0.1522298206918229 -0.23113084901497805 0.7311248183449935 -32.628692 75.718165 -801.177745
f 4.822 -10390 -6677 -3457 2789 

m 4.822 -1730.1756258870514 -1754.932312191634 -1486.4523882351218 -653.2283628661716
p 4.903 0.6272608309406548 -0.14503852627419878 -0.22733868559311368 0.7306334580348753 -32.614272 76.797775 -805.164301
p 4.986 0.6313124319541035 -0.1560059506043777 -0.2243626864993119 0.7257880200168643 -32.181317 77.534093 -801.03841
m 4.986 -1730.1756258870514 -1754.932312191634 -1486.4523882351218 -653.2283628661716
p 5.069 0.6343850509760285 -0.15882356418445115 -0.21490860057434033 0.7253583597091854 -32.073001 78.084785 -798.925892
f 4.986 -10504 -6790 -3589 2491 

m 5.069 -1730.1756258870514 -1754.932312191634 -1486.4523882351218 -653.2283628661716
p 5.15 0.6379792307625788 -0.15644441266710393 -0.2101823243984159 0.7241070362867633 -32.02542 79.103425 -800.800785
m 5.15 -1730.1756258870514 -1754.932312191634 -1486.4523882351218 -653.2283628661716
p 5.232 0.6422762897089113 -0.15738344066501608 -0.20439965231091545 0.7217563647104194 -31.780016 80.105678 -798.624449
f 5.15 -10619 -6903 -3722 2193 

m 5.232 -1730.1756258870514 -1754.932312191634 -1486.4523882351218 -653.2283628661716
p 5.314 0.6451320984478537 -0.15013403884810186 -0.2068289754463804 0.7200598933422135 -31.632762 81.129525 -800.250194
p 5.395 0.6510649890313558 -0.15988604270848472 -0.19407707195873478 0.7161600728887362 -31.083667 82.057273 -797.310413
m 5.395 -1730.1756258870514 -1754.932312191634 -1486.4523882351218 -653.2283628661716
p 5.479 0.6549894936195539 -0.1524168748906337 -0.19543547079516838 0.7138366409760709 -30.969868 82.983149 -797.280333
f 5.395 -10734 -7016 -3855 1895 

m 5.479 -1730.1756258870514 -1754.932312191634 -1486.4523882351218 -653.2283628661716
p 5.561 0.6603121270800921 -0.16434893655776253 -0.1801500470859899 0.7102981768243531 -30.876974 84.274471 -796.755937
m 5.561 -1730.1756258870514 -1754.932312191634 -1486.4523882351218 -653.2283628661716
p 5.643 0.6618383890995488 -0.16386396170286943 -0.18054927724785905 0.708886803375546 -30.693156 85.064893 -795.590492
f 5.561 -10849 -7129 -3987 1597 

m 5.643 -1730.1756258870514 -1754.932312191634 -1486.4523882351218 -653.2283628661716
p 5.727 0.6671345486605627 -0.15723913423991215 -0.18309482684717088 0.7047577598011958 -30.265057 86.389227 -793.860274
m 5.727 -1730.1756258870514 -1754.932312191634 -1486.4523882351218 -653.2283628661716
p 5.808 0.6722291736708094 -0.15797571209760078 -0.16724541299547108 0.7036904504112587 -30.195644 87.69051 -796.418421
p 5.892 0.6776534067051285 -0.1654108122019548 -0.16482069822432596 0.6973229165888643 -30.044645 88.825998 -794.56474
f 5.808 -10964 -7242 -4120 1299 

m 5.892 -1730.1756258870514 -1754.932312191634 -1486.4523882351218 -653.2283628661716
p 5.975 0.6796628055424013 -0.15644723781853753 -0.1686662684446307 0.6965159725376009 -30.019925 90.093741 -795.986521
m 5.975 -1730.1756258870514 -1754.932312191634 -1486.4523882351218 -653.2283628661716
p 6.058 0.6845565866319472 -0.167884907361663 -0.1582682524296647 0.6914826462030699 -30.291658 91.483508 -794.035157
f 5.975 -11079 -7355 -4253 1001 

m 6.058 -1730.1756258870514 -1754.932312191634 -1486.4523882351218 -653.2283628661716
p 6.14 0.6901938415080658 -0.16086477495253312 -0.13673635902397993 0.6921403398155608 -30.45276 92.724994 -796.127008
m 6.14 -1730.1756258870514 -1754.932312191634 -1486.4523882351218 -653.2283628661716
p 6.222 0.6919058823279363 -0.17722713902565262 -0.1316588026300726 0.6874027409620659 -29.984354 93.381651 -791.10523
f 6.222 -11194 -7468 -4385 703 

m 6.222 -1730.1756258870514 -1754.932312191634 -1486.4523882351218 -653.2283628661716
p 6.304 0.6935852507082313 -0.1759527756326778 -0.1421397007784295 0.6839418795535387 -29.963998 94.487273 -790.829028
p 6.387 0.6911269782029927 -0.18862850693365607 -0.14218588349062725 0.683041633286304 -29.905555 95.53304 -787.201398
m 6.387 -1730.1756258870514 -1754.932312191634 -1486.4523882351218 -653.2283628661716
p 6.47 0.6968294267609542 -0.18328804022194983 -0.1414216251717025 0.6788476230098643 -29.813575 96.79426 -788.47748
f 6.387 -11308 -7581 -4518 404 

m 6.47 -1730.1756258870514 -1754.932312191634 -1486.4523882351218 -653.2283628661716
p 6.552 0.7014811116487742 -0.17557101389447688 -0.13622426664546528 0.6771572207889115 -29.986797 98.193792 -790.770983
m 6.552 -1730.1756258870514 -1754.932312191634 -1486.4523882351218 -653.2283628661716
p 6.633 0.7059015512095154 -0.17239231135204172 -0.1372252261438213 0.6731664623569602 -29.849483 100.174955 -792.950191
f 6.633 -11423 -7694 -4651 105 

m 6.633 -1775.6358165989898 1169.8201730544317 -1021.2985183641129 1432.4364473304822
p 6.719 0.7040085226756847 -0.18606699461839382 -0.1313982672374756 0.6726704787608905 -30.113732 100.527076 -789.470004
p 6.8 0.7086864609966809 -0.1783775434657162 -0.13379259407136337 0.6693612423932307 -29.865768 102.580183 -790.447319
m 6.8 -1775.6358165989898 1169.8201730544317 -1021.2985183641129 1432.4364473304822
p 6.884 0.7085471049972611 -0.19683236162617457 -0.12212490798383048 0.6665608350793072 -29.910465 103.029724 -785.92244
f 6.8 -11535 -7551 -4837 202 

m 6.884 -1775.6358165989898 1169.8201730544317 -1021.2985183641129 1432.4364473304822
p 6.965 0.7141720731028343 -0.1941009810111124 -0.12884989971702493 0.6600611641840595 -29.788472 103.839911 -789.926991
m 6.965 -1775.6358165989898 1169.8201730544317 -1021.2985183641129 1432.4364473304822
p 7.048 0.7127548666968188 -0.190073763547695 -0.13405941434370353 0.6617254010285455 -29.137063 104.191598 -791.328783
f 6.965 -11646 -7382 -5028 340 

m 7.048 -1775.6358165989898 1169.8201730544317 -1021.2985183641129 1432.4364473304822
p 7.13 0.7143129566233557 -0.1845987095394772 -0.11861607606912844 0.6645378550095297 -29.162337 104.942525 -796.100024
m 7.13 -1775.6358165989898 1169.8201730544317 -1021.2985183641129 1432.4364473304822
p 7.211 0.7109964838169033 -0.19099637352773577 -0.11820768725720372 0.6663566709311712 -29.29067 104.788089 -791.479058
p 7.295 0.7100181335712491 -0.1855709646981548 -0.12629325331308844 0.6674487982671289 -28.961069 105.487684 -795.550425
f 7.211 -11757 -7213 -5220 478 

m 7.295 -1775.6358165989898 1169.8201730544317 -1021.2985183641129 1432.4364473304822
p 7.378 0.7109982419106253 -0.19013795257315635 -0.12828547895546763 0.6647344144339115 -28.545053 105.361129 -792.676528
m 7.378 -1775.6358165989898 1169.8201730544317 -1021.2985183641129 1432.4364473304822
p 7.46 0.7138970514016709 -0.1916533339525147 -0.12684917219114325 0.6614598688604343 -28.521071 105.974591 -795.509963
f 7.378 -11868 -7044 -5411 616 

m 7.46 -1775.6358165989898 1169.8201730544317 -1021.2985183641129 1432.4364473304822
p 7.542 0.7151597723585967 -0.18531558278636848 -0.139947748556829 0.6592568796830934 -28.102806 106.662626 -798.133681
m 7.542 -1775.6358165989898 1169.8201730544317 -1021.2985183641129 1432.4364473304822
p 7.623 0.7139502783807847 -0.1851683569615344 -0.13310520757205385 0.6620201914788144 -28.218375 107.01198 -798.805559
f 7.623 -11979 -6875 -5603 754 

m 7.623 -1775.6358165989898 1169.8201730544317 -1021.2985183641129 1432.4364473304822
p 7.705 0.7113381755536532 -0.18930482663213 -0.1250119184602833 0.6652321164004618 -28.202661 107.128291 -798.092009
p 7.788 0.7126854144712098 -0.1890037978396729 -0.12540806670824683 0.6637995395921085 -27.564414 107.882179 -800.242402
m 7.788 -1775.6358165989898 1169.8201730544317 -1021.2985183641129 1432.4364473304822
p 7.87 0.7129223309730169 -0.1926051324729749 -0.13187621696697618 0.6612515550699484 -27.21775 107.876705 -800.152867
f 7.788 -12090 -6706 -5795 892 

m 7.87 -1775.6358165989898 1169.8201730544317 -1021.2985183641129 1432.4364473304822
p 7.953 0.7127052335994174 -0.19660827982464046 -0.13215281095148815 0.6602515707980409 -27.006998 108.151321 -800.143422
m 7.953 -1775.6358165989898 1169.8201730544317 -1021.2985183641129 1432.4364473304822
p 8.035 0.7117025361764563 -0.19575348255532712 -0.13422602160899844 0.6611684321486423 -26.646193 108.456338 -800.92503
f 8.035 -12201 -6537 -5986 1030 

m 8.035 -1775.6358165989898 1169.8201730544317 -1021.2985183641129 1432.4364473304822
p 8.118 0.7112046119085561 -0.18414110061597655 -0.13179294457675936 0.665515228774778 -26.664428 109.174859 -804.521711
p 8.2 0.7118539175982668 -0.1881699274086093 -0.12957117706283813 0.6641292381940683 -26.499354 109.40361 -803.369636
m 8.2 -1775.6358165989898 1169.8201730544317 -1021.2985183641129 1432.4364473304822
p 8.284 0.712889367293411 -0.18939053686913904 -0.12800303130687946 0.6629745395058976 -26.013368 109.748322 -806.298616
f 8.2 -12312 -6368 -6178 1168 

m 8.284 -1775.6358165989898 1169.8201730544317 -1021.2985183641129 1432.4364473304822
p 8.365 0.7129521372434477 -0.19113590223163657 -0.14057675791183846 0.6598517984936771 -25.402788 109.822232 -804.717515
m 8.365 -1775.6358165989898 1169.8201730544317 -1021.2985183641129 1432.4364473304822
p 8.448 0.712907953385288 -0.18870949518961602 -0.14069558282202485 0.6605723049711714 -25.49809 110.244409 -806.363122
f 8.365 -12423 -6199 -6370 1306 

m 8.448 -1775.6358165989898 1169.8201730544317 -1021.2985183641129 1432.4364473304822
p 8.53 0.7081613516706486 -0.18857390294593074 -0.13685405137030565 0.6664971180459335 -25.221553 110.634328 -806.970579
m 8.53 -1775.6358165989898 1169.8201730544317 -1021.2985183641129 1432.4364473304822
p 8.611 0.7089464013590873 -0.18258326687582227 -0.1377336140120156 0.6671491654281425 -25.127391 111.224 -809.22062
p 8.694 0.7094846721388701 -0.18917075346446643 -0.141187334883527 0.664011878621373 -24.654245 111.206967 -808.871316
f 8.611 -12534 -6030 -6562 1444 

m 8.694 -1775.6358165989898 1169.8201730544317 -1021.2985183641129 1432.4364473304822
p 8.777 0.7108526570253502 -0.18796265116194838 -0.13950640687619112 0.6632471516290424 -24.254147 111.405242 -811.013179
m 8.777 -1775.6358165989898 1169.8201730544317 -1021.2985183641129 1432.4364473304822
p 8.858 0.7094908385595969 -0.1836598767991765 -0.14005783387103313 0.6657894285978451 -24.162981 111.75737 -811.595557
f 8.777 -12645 -5861 -6753 1582 

m 8.858 -1775.6358165989898 1169.8201730544317 -1021.2985183641129 1432.4364473304822
p 8.94 0.7073065106444306 -0.18844765033840644 -0.14270475173208388 0.6662132935418222 -24.048461 111.582582 -810.254344
m 8.94 -1775.6358165989898 1169.8201730544317 -1021.2985183641129 1432.4364473304822
p 9.022 0.7046497356843326 -0.19319350182937534 -0.13620064712973096 0.66902494406269 -23.87738 111.976585 -810.455982
p 9.103 0.7050691455453146 -0.19018985704768954 -0.148112778242809 0.6669090584531603 -23.647486 112.47928 -813.554
f 9.022 -12756 -5692 -6945 1720 

m 9.103 -1775.6358165989898 1169.8201730544317 -1021.2985183641129 1432.4364473304822
p 9.187 0.7077524284663388 -0.18225617435113464 -0.14791930877137094 0.6663251598047032 -23.213773 112.871585 -815.346916
m 9.187 -1775.6358165989898 1169.8201730544317 -1021.2985183641129 1432.4364473304822
p 9.268 0.7042451632776756 -0.183827318596657 -0.16151974615003484 0.666451506483322 -22.878219 112.644769 -813.104649
f 9.187 -12868 -5523 -7136 1857 

m 9.268 -1775.6358165989898 1169.8201730544317 -1021.2985183641129 1432.4364473304822
p 9.351 0.7034004904746655 -0.1846138888990113 -0.1458728013265376 0.6707210279049305 -23.096078 113.021924 -814.992855
m 9.351 -1775.6358165989898 1169.8201730544317 -1021.2985183641129 1432.4364473304822
p 9.434 0.7004455724751211 -0.19117688120550766 -0.14410113214554598 0.6723559524201683 -23.00991 113.357961 -814.728239
f 9.434 -12979 -5354 -7327 1995 

m 9.434 -1775.6358165989898 1169.8201730544317 -1021.2985183641129 1432.4364473304822
p 9.517 0.7019626058416503 -0.18554086630275624 -0.14968176242667558 0.6711322598660956 -22.690691 114.193018 -819.486554
p 9.6 0.7012668892796807 -0.1928359973460368 -0.15077497828053185 0.669556423064968 -22.197769 113.898681 -816.789232
m 9.6 -1775.6358165989898 1169.8201730544317 -1021.2985183641129 1432.4364473304822
p 9.685 0.6989254252064379 -0.20263320648003155 -0.13563678839126422 0.6723435477557606 -21.995926 113.772791 -815.412502
f 9.6 -13090 -5185 -7519 2133 

m 9.685 -1255.9946828812072 -1397.621736946728 -1792.2483508333885 1403.0747338498177
p 9.767 0.6936245382049282 -0.203775590704723 -0.15693252473694938 0.6728539350811046 -21.904963 113.661343 -813.388199
m 9.767 -1255.9946828812072 -1397.621736946728 -1792.2483508333885 1403.0747338498177
p 9.849 0.6963797455411811 -0.19169928599266767 -0.14708461964298028 0.6757756856272191 -21.790702 114.686817 -819.131821
f 9.849 -13245 -5314 -7632 2273 

m 9.849 -1255.9946828812072 -1397.621736946728 -1792.2483508333885 1403.0747338498177
p 9.934 0.700146056191135 -0.15944030393784778 -0.16818562206948123 0.6753426600333778 -22.138275 116.489135 -827.924692
m 9.934 -1255.9946828812072 -1397.621736946728 -1792.2483508333885 1403.0747338498177
p 10.015 0.6971590564569896 -0.17476141042932367 -0.16465467806353007 0.6755119160229314 -22.48843 116.075091 -821.191135
p 10.099 0.6867747083287212 -0.2197183416483269 -0.10358891953538296 0.6850794653532872 -24.49209 118.529651 -833.113704
f 10.015 -13402 -5455 -7743 2414 

m 10.099 -1255.9946828812072 -1397.621736946728 -1792.2483508333885 1403.0747338498177
p 10.183 0.6824767787591377 -0.18556086428160223 -0.17757855368177763 0.6842943445623382 -24.463364 117.59098 -822.264877
m 10.183 -1255.9946828812072 -1397.621736946728 -1792.2483508333885 1403.0747338498177
p 10.266 0.6801739010829625 -0.15977245579176533 -0.17644277140106457 0.6933282051092396 -25.34136 118.882447 -823.890751
f 10.183 -13559 -5597 -7853 2555 

m 10.266 -1255.9946828812072 -1397.621736946728 -1792.2483508333885 1403.0747338498177
p 10.348 0.680479653424199 -0.18317497706884026 -0.1646276344588085 0.6901392975334762 -25.864503 119.181418 -821.20121
m 10.348 -1255.9946828812072 -1397.621736946728 -1792.2483508333885 1403.0747338498177
p 10.431 0.6752517833986195 -0.1585465020483096 -0.18926391340134183 0.6950374090651523 -26.860881 120.944862 -827.939592
p 10.512 0.6692170959414651 -0.17545671929863754 -0.18833436222760325 0.697060793618462 -27.749346 120.578427 -819.693066
f 10.431 -13716 -5738 -7963 2695 

m 10.512 -1255.9946828812072 -1397.621736946728 -1792.2483508333885 1403.0747338498177
p 10.597 0.6656552306156088 -0.16518175736388088 -0.19026443989137246 0.7024368299000273 -28.607938 122.1994 -823.444076
m 10.597 -1255.9946828812072 -1397.621736946728 -1792.2483508333885 1403.0747338498177
p 10.68 0.6633285283155395 -0.16213990371338785 -0.18909785614818997 0.7056544834407275 -29.067008 123.271224 -825.384487
f 10.597 -13873 -5880 -8074 2836 

m 10.68 -1255.9946828812072 -1397.621736946728 -1792.2483508333885 1403.0747338498177
p 10.764 0.6589280631016097 -0.18510166422178218 -0.1803929724452983 0.7064063986120172 -30.061375 123.70559 -821.204896
m 10.764 -1255.9946828812072 -1397.621736946728 -1792.2483508333885 1403.0747338498177
p 10.846 0.6590436327398952 -0.16312669786106626 -0.19609958538454336 0.7075282679865167 -30.869278 125.495075 -828.659411
f 10.846 -14030 -6022 -8184 2976 

m 10.846 -1255.9946828812072 -1397.621736946728 -1792.2483508333885 1403.0747338498177
p 10.929 0.6529153884011426 -0.158264936801731 -0.20179377524833877 0.7126941840649467 -32.027085 126.436927 -827.354905
p 11.011 0.6487717713533636 -0.1615295126182642 -0.2062477186813352 0.714468508753185 -32.636822 126.958042 -825.43138
m 11.011 -1255.9946828812072 -1397.621736946728 -1792.2483508333885 1403.0747338498177
p 11.095 0.6490367566032217 -0.15695868196053311 -0.19727259484395057 0.7177732928996453 -33.581971 128.643005 -828.418752
f 11.011 -14187 -6163 -8295 3116 

m 11.095 -1255.9946828812072 -1397.621736946728 -1792.2483508333885 1403.0747338498177
p 11.18 0.6475073471704162 -0.15209575086473018 -0.2122431306862824 0.7159289420047216 -34.183189 129.681533 -830.175424
m 11.18 -1255.9946828812072 -1397.621736946728 -1792.2483508333885 1403.0747338498177
p 11.263 0.643471708459764 -0.16107978398881767 -0.2096901044364085 0.7183505411705347 -35.268139 130.452756 -827.607868
f 11.18 -14344 -6305 -8406 3257 

m 11.263 -1255.9946828812072 -1397.621736946728 -1792.2483508333885 1403.0747338498177
p 11.347 0.6392330020005184 -0.16133601159616187 -0.2141956089869315 0.7207442334143228 -35.980482 131.283513 -827.78155
m 11.347 -1255.9946828812072 -1397.621736946728 -1792.2483508333885 1403.0747338498177
p 11.429 0.6368842610656343 -0.1599002608112411 -0.211520503574644 0.7239262738704819 -36.861812 132.34767 -826.073455
p 11.513 0.6371111979436871 -0.15277987372107238 -0.22162332422209577 0.7222400916592763 -37.284796 133.01655 -824.98406
f 11.429 -14501 -6447 -8516 3397 

m 11.513 -1255.9946828812072 -1397.621736946728 -1792.2483508333885 1403.0747338498177
p 11.599 0.6376269409091342 -0.15590287345907522 -0.2098542715932475 0.7246290430282242 -38.518317 134.8195 -829.038118
m 11.599 -1255.9946828812072 -1397.621736946728 -1792.2483508333885 1403.0747338498177
p 11.681 0.6332019474234717 -0.1560641835455407 -0.21969955052901208 0.725555649140712 -39.241626 135.500863 -827.221499
f 11.599 -14658 -6589 -8627 3538 

m 11.681 -1255.9946828812072 -1397.621736946728 -1792.2483508333885 1403.0747338498177
p 11.765 0.6297843214016092 -0.1737638768895667 -0.20412852525060904 0.7290468091967757 -40.338698 136.883655 -827.453166
m 11.765 -1255.9946828812072 -1397.621736946728 -1792.2483508333885 1403.0747338498177
p 11.848 0.6305420866473803 -0.1501597017139213 -0.222457113678531 0.7282729570703556 -40.827862 138.244318 -829.875795
f 11.848 -14815 -6730 -8737 3679 

m 11.848 -1255.9946828812072 -1397.621736946728 -1792.2483508333885 1403.0747338498177
p 11.931 0.6315348658025965 -0.14793472369779848 -0.2238065007261007 0.7274542940968869 -41.829573 140.04858 -832.587922
p 12.013 0.6296902034349569 -0.15298696666745296 -0.21843063559641435 0.7296389518110995 -42.730526 141.101183 -832.983816
m 12.013 -1255.9946828812072 -1397.621736946728 -1792.2483508333885 1403.0747338498177
p 12.097 0.6271277587553409 -0.1504772731725361 -0.21568252303144975 0.7331771614009809 -44.035095 142.371719 -832.098292
f 12.013 -14972 -6872 -8848 3819 

m 12.097 -1255.9946828812072 -1397.621736946728 -1792.2483508333885 1403.0747338498177
p 12.179 0.6241919347439296 -0.15502849434359905 -0.21957650016167646 0.7335780462909179 -44.621079 143.043125 -830.170697
m 12.179 -1255.9946828812072 -1397.621736946728 -1792.2483508333885 1403.0747338498177
p 12.261 0.6246208020360706 -0.15400851125866794 -0.22209622245795804 0.732668922501835 -45.468732 144.453742 -830.020631
f 12.261 -15129 -7014 -8958 3960 

m 12.261 -1255.9946828812072 -1397.621736946728 -1792.2483508333885 1403.0747338498177
p 12.343 0.6242906908210569 -0.15624820670396605 -0.2303708198962741 0.7299155773101434 -46.031413 145.264023 -829.24703
m 12.343 -1255.9946828812072 -1397.621736946728 -1792.2483508333885 1403.0747338498177
p 12.424 0.6221082641983823 -0.1581244263523482 -0.22839420775546995 0.7319931693670372 -47.260905 146.814551 -829.415409
p 12.508 0.6202293477309245 -0.15908757802823595 -0.2234571338400422 0.734897101640767 -48.042769 147.829406 -829.392226
f 12.424 -15286 -7155 -9069 4100 

m 12.508 -1255.9946828812072 -1397.621736946728 -1792.2483508333885 1403.0747338498177
p 12.59 0.6218836871595181 -0.15393891446612268 -0.2120764285026952 0.7379615504889125 -49.120611 149.796954 -832.013139
m 12.59 -1255.9946828812072 -1397.621736946728 -1792.2483508333885 1403.0747338498177
p 12.672 0.6195848487131053 -0.16219032227525637 -0.2209911928508505 0.7355078177694646 -49.530046 150.300973 -829.703352
f 12.59 -15443 -7297 -9179 4241 

m 12.672 -1314.8539130443937 -1273.755171888375 1248.8946947961908 1029.0783981057045
p 12.758 0.6211686678626556 -0.1506292583949189 -0.2238043214999106 0.7357800282693191 -50.556406 152.545802 -833.950241
m 12.758 -1314.8539130443937 -1273.755171888375 1248.8946947961908 1029.0783981057045
p 12.839 0.6187130191574245 -0.1507832857261067 -0.22738264725932078 0.7367195870886017 -50.863187 152.784971 -829.558477
p 12.921 0.6160670752689016 -0.1468121316854273 -0.2319627685013915 0.738309217062878 -52.226159 154.052541 -831.650686
f 12.839 -15592 -7452 -9022 4431 

m 12.921 -1314.8539130443937 -1273.755171888375 1248.8946947961908 1029.0783981057045
p 13.007 0.6154325804638325 -0.16367174933959402 -0.2182594262792254 0.7394709257300114 -53.128482 153.722423 -828.109284
m 13.007 -1314.8539130443937 -1273.755171888375 1248.8946947961908 1029.0783981057045
p 13.089 0.6185324120613861 -0.15681810935490628 -0.22270562849806852 0.7370401956474287 -54.897031 154.421328 -829.698798
f 13.007 -15742 -7607 -8865 4621 

m 13.089 -1314.8539130443937 -1273.755171888375 1248.8946947961908 1029.0783981057045
p 13.173 0.6167693149142998 -0.15534380309134238 -0.2342370529054502 0.7352530176748681 -56.139034 154.87258 -830.584475
m 13.173 -1314.8539130443937 -1273.755171888375 1248.8946947961908 1029.0783981057045
p 13.257 0.6109468046236644 -0.1606448379338652 -0.22835814308925012 0.7408034489660533 -58.04227 155.210074 -829.537769
f 13.257 -15892 -7762 -8708 4811 

m 13.257 -1314.8539130443937 -1273.755171888375 1248.8946947961908 1029.0783981057045
p 13.339 0.6115962418660076 -0.1544916661768893 -0.22249160840059518 0.7433572492415742 -59.222284 155.554631 -829.135572
p 13.421 0.6129673013664998 -0.15992050447333453 -0.2230698400717507 0.740902490210419 -60.896416 156.154868 -830.345003
m 13.421 -1314.8539130443937 -1273.755171888375 1248.8946947961908 1029.0783981057045
p 13.506 0.6136364541002041 -0.1575978933176543 -0.22854029898396805 0.7391770762138122 -61.923936 156.182393 -828.856984
f 13.421 -16042 -7917 -8551 5001 

m 13.506 -1314.8539130443937 -1273.755171888375 1248.8946947961908 1029.0783981057045
p 13.589 0.6119728663853187 -0.15695011210767576 -0.2259385314025886 0.741490391036863 -63.768842 156.76113 -828.833481
m 13.589 -1314.8539130443937 -1273.755171888375 1248.8946947961908 1029.0783981057045
p 13.672 0.6079000464221742 -0.15656334807630923 -0.23150727034076674 0.7432023614063669 -65.104767 157.10119 -829.136299
f 13.589 -16191 -8072 -8394 5191 

m 13.672 -1314.8539130443937 -1273.755171888375 1248.8946947961908 1029.0783981057045
p 13.755 0.6084719816452875 -0.15289878382661706 -0.22370903657137714 0.7458806875097383 -66.627981 157.745177 -829.904747
m 13.755 -1314.8539130443937 -1273.755171888375 1248.8946947961908 1029.0783981057045
p 13.837 0.6097760826813737 -0.15102350883198076 -0.2248773701117924 0.7448459572287413 -68.63047 158.719011 -832.812292
p 13.919 0.6083283360273407 -0.15825801215763405 -0.22151219187093082 0.7455357134302822 -70.195765 158.800024 -830.390736
f 13.837 -16341 -8227 -8237 5381 

m 13.919 -1314.8539130443937 -1273.755171888375 1248.8946947961908 1029.0783981057045
p 14.003 0.6075958972266431 -0.15535841733989586 -0.22199704273383059 0.746597783280931 -71.418915 159.11753 -829.573011
m 14.003 -1314.8539130443937 -1273.755171888375 1248.8946947961908 1029.0783981057045
p 14.084 0.6064316885610094 -0.14842053755023701 -0.22339245881736897 0.7485369062377618 -72.701515 159.903715 -831.015652
f 14.003 -16491 -8382 -8080 5571 

m 14.084 -1314.8539130443937 -1273.755171888375 1248.8946947961908 1029.0783981057045
p 14.168 0.6050038500186414 -0.1522196609879059 -0.22291379112436513 0.7490720926586439 -74.622566 160.369423 -830.467081
m 14.168 -1314.8539130443937 -1273.755171888375 1248.8946947961908 1029.0783981057045
p 14.251 0.6040551862837541 -0.15722450275350858 -0.2250195813649731 0.7481737766054086 -76.017824 160.653037 -830.338543
f 14.251 -16640 -8537 -7923 5761 

m 14.251 -1314.8539130443937 -1273.755171888375 1248.8946947961908 1029.0783981057045
p 14.333 0.6023754008902784 -0.15763865739569197 -0.22852217011560208 0.748379248776982 -77.846377 161.454737 -830.732376
p 14.417 0.602818061195501 -0.14526003784904373 -0.22932914064104723 0.750278614915819 -79.03005 162.00928 -831.24314
m 14.417 -1314.8539130443937 -1273.755171888375 1248.8946947961908 1029.0783981057045
p 14.501 0.6011170863985315 -0.16160327672816832 -0.21177450732636222 0.7534547099859419 -80.577777 162.106053 -827.970817
f 14.417 -16790 -8692 -7766 5951 

m 14.501 -1314.8539130443937 -1273.755171888375 1248.8946947961908 1029.0783981057045
p 14.584 0.6005201958092324 -0.1539143842422561 -0.22671899140336957 0.7511887246225146 -81.806762 162.707148 -829.181636
m 14.584 -1314.8539130443937 -1273.755171888375 1248.8946947961908 1029.0783981057045
p 14.667 0.6011776709904408 -0.15349483507082023 -0.22648203070792766 0.7508200516768315 -83.728062 163.444486 -829.337307
f 14.667 -16940 -8847 -7609 6141 

m 14.667 -1314.8539130443937 -1273.755171888375 1248.8946947961908 1029.0783981057045
p 14.751 0.6003518258111064 -0.15569932239792947 -0.22330267625740244 0.751978224418766 -84.946346 163.801947 -828.883571
m 14.751 -1314.8539130443937 -1273.755171888375 1248.8946947961908 1029.0783981057045
p 14.834 0.5998975692824048 -0.1460868514485428 -0.2223145917695972 0.7545579831928093 -86.687296 164.597234 -828.896497
p 14.918 0.5990494351413249 -0.1451348247676139 -0.22704798751288738 0.754005802364942 -87.863252 165.277648 -829.959717
f 14.834 -17090 -9002 -7452 6331 

m 14.918 -1314.8539130443937 -1273.755171888375 1248.8946947961908 1029.0783981057045
p 15.002 0.5993637920687506 -0.1543999271382343 -0.22321145543906165 0.7530605885318923 -89.664512 165.696774 -828.713581
m 15.002 -1314.8539130443937 -1273.755171888375 1248.8946947961908 1029.0783981057045
p 15.084 0.5989806938982076 -0.1506221107594215 -0.22636466442464714 0.7531895511755325 -90.835029 165.935442 -827.754285
f 15.002 -17239 -9157 -7295 6521 

m 15.084 -1314.8539130443937 -1273.755171888375 1248.8946947961908 1029.0783981057045
p 15.168 0.595354105942936 -0.15091540940905657 -0.2315263022014332 0.7544358819674472 -92.646093 166.755336 -827.792573
m 15.168 -1314.8539130443937 -1273.755171888375 1248.8946947961908 1029.0783981057045
p 15.251 0.5969014622028559 -0.14791357620497314 -0.2202739632285126 0.7571718761285314 -93.723682 167.018008 -826.814821
f 15.251 -17389 -9312 -7138 6711 

m 15.251 -1314.8539130443937 -1273.755171888375 1248.8946947961908 1029.0783981057045
p 15.333 0.5977969570242059 -0.15092095123685276 -0.2196594817894545 0.7560497668804613 -95.459837 167.662811 -826.37767
p 15.417 0.5975343331835988 -0.1527184828453564 -0.22263059947567265 0.7550264896015239 -96.540758 167.804201 -825.945766
m 15.417 -1314.8539130443937 -1273.755171888375 1248.8946947961908 1029.0783981057045
p 15.501 0.5962784157470525 -0.1496616719083622 -0.21481270302544186 0.7588866845583734 -98.65323 169.110113 -827.901805
f 15.417 -17539 -9467 -6981 6901 

m 15.501 -1314.8539130443937 -1273.755171888375 1248.8946947961908 1029.0783981057045
p 15.584 0.595745749344541 -0.14717554082721926 -0.21750732013699176 0.7590238797297486 -99.767254 169.291329 -826.722906
m 15.584 -1314.8539130443937 -1273.755171888375 1248.8946947961908 1029.0783981057045
p 15.667 0.5946731014400127 -0.15239236248299493 -0.21695045237531235 0.758994729889477 -101.466817 169.59444 -824.846325
f 15.667 -17692 -9620 -6817 7070 

m 15.667 -810.5782029134216 -1770.0139137667318 691.4868638513169 -938.7361795552006
p 15.756 0.5946670182118502 -0.1502531288109459 -0.22046860814991193 0.7584118274394196 -102.745597 170.120289 -824.892682
m 15.756 -810.5782029134216 -1770.0139137667318 691.4868638513169 -938.7361795552006
p 15.839 0.5959635233592472 -0.1526375410193604 -0.21294407361179668 0.7590678494047816 -104.854579 171.382822 -827.34426
p 15.924 0.5943919386111359 -0.14744082109720205 -0.2142190716364335 0.7609663264560397 -106.541233 171.43093 -824.549969
f 15.839 -17934 -9732 -6535 6862 

m 15.924 -810.5782029134216 -1770.0139137667318 691.4868638513169 -938.7361795552006
p 16.006 0.595732608221147 -0.14803378843832002 -0.2118411838039591 0.7604682767874016 -108.08625 171.566352 -823.489664
m 16.006 -810.5782029134216 -1770.0139137667318 691.4868638513169 -938.7361795552006
p 16.088 0.5964564210936381 -0.14669022683678012 -0.2137386865974904 0.7596296795149594 -111.43086 172.524897 -825.07469
f 16.006 -18175 -9844 -6252 6654 

m 16.088 -810.5782029134216 -1770.0139137667318 691.4868638513169 -938.7361795552006
p 16.172 0.5961191862495984 -0.15315356545191108 -0.20926992041455217 0.759863145572938 -113.990478 173.326542 -827.015615
m 16.172 -810.5782029134216 -1770.0139137667318 691.4868638513169 -938.7361795552006
p 16.256 0.5945070195493409 -0.15234293440475374 -0.21796578884399032 0.7588438574568552 -115.950339 173.704809 -826.760046
f 16.256 -18416 -9956 -5969 6446 

m 16.256 -810.5782029134216 -1770.0139137667318 691.4868638513169 -938.7361795552006
p 16.338 0.5951863175571016 -0.15026917857371977 -0.20994090151067948 0.7609843953722047 -118.007208 173.944697 -823.624367
p 16.422 0.60062397958894 -0.14494763755729426 -0.2011262638260882 0.7601244963820072 -120.46002 174.803637 -823.716988
m 16.422 -810.5782029134216 -1770.0139137667318 691.4868638513169 -938.7361795552006
p 16.505 0.6069386498670278 -0.1436286309018867 -0.18923990243967906 0.7584090255264635 -122.867732 175.868968 -827.332413
f 16.422 -18657 -10068 -5686 6238 

m 16.505 -810.5782029134216 -1770.0139137667318 691.4868638513169 -938.7361795552006
p 16.588 0.6065535815338532 -0.1538022086995846 -0.19497159545078357 0.7552638611770062 -125.136715 176.041977 -824.525319
m 16.588 -810.5782029134216 -1770.0139137667318 691.4868638513169 -938.7361795552006
p 16.671 0.609999582200638 -0.14677607967866702 -0.1878074565449953 0.7557021569375066 -126.870987 176.581594 -824.102708
f 16.671 -18898 -10180 -5403 6030 

m 16.671 -810.5782029134216 -1770.0139137667318 691.4868638513169 -938.7361795552006
p 16.754 0.6116327233787665 -0.1507501438254271 -0.17734686726708124 0.7561269734641133 -127.905653 176.851737 -822.278448
m 16.754 -810.5782029134216 -1770.0139137667318 691.4868638513169 -938.7361795552006
p 16.837 0.6162342211021156 -0.14791942027836716 -0.17802370651088234 0.7527831693123856 -129.919206 177.387491 -820.428363
p 16.922 0.6260497256052517 -0.15476614395546548 -0.1533313835052157 0.7487312601995458 -132.298743 178.430715 -820.54442
f 16.837 -19139 -10292 -5120 5822 

m 16.922 -810.5782029134216 -1770.0139137667318 691.4868638513169 -938.7361795552006
p 17.005 0.6296030272931399 -0.14849039829872368 -0.1568628440190812 0.7462873106250701 -134.283261 179.475757 -822.66749
m 17.005 -810.5782029134216 -1770.0139137667318 691.4868638513169 -938.7361795552006
p 17.088 0.6325153854417455 -0.15175067319782248 -0.14397611707939081 0.7457660491065546 -136.329618 180.107003 -820.105194
f 17.005 -19380 -10404 -4837 5614 

m 17.088 -810.5782029134216 -1770.0139137667318 691.4868638513169 -938.7361795552006
p 17.173 0.636222756417644 -0.13921795990161775 -0.14604428202384687 0.7446542822008076 -138.431524 181.802544 -822.478427
m 17.173 -810.5782029134216 -1770.0139137667318 691.4868638513169 -938.7361795552006
p 17.257 0.6362631754971435 -0.15773000386578329 -0.11187730882138343 0.746842687585545 -138.778841 180.748145 -814.54354
f 17.257 -19621 -10516 -4554 5406 

m 17.257 -810.5782029134216 -1770.0139137667318 691.4868638513169 -938.7361795552006
p 17.339 0.6408332883627051 -0.15697117666476595 -0.13256148965010486 0.7396756045727073 -141.695734 183.144519 -818.512932
p 17.424 0.6458778376506309 -0.17989998721010012 -0.11495503245646473 0.732982264451194 -142.479356 182.591717 -808.626245
m 17.424 -810.5782029134216 -1770.0139137667318 691.4868638513169 -938.7361795552006
p 17.507 0.6489344196683811 -0.1752869660864545 -0.12081396660520247 0.7304536261803345 -144.155111 184.14292 -810.912257
f 17.424 -19862 -10628 -4272 5198 

m 17.507 -810.5782029134216 -1770.0139137667318 691.4868638513169 -938.7361795552006
p 17.59 0.65298876093745 -0.17018472185542668 -0.10232831348870058 0.7308705425723492 -146.556248 187.22996 -813.946185
m 17.59 -810.5782029134216 -1770.0139137667318 691.4868638513169 -938.7361795552006
p 17.673 0.6553315866276774 -0.17022144412675105 -0.08748791965982966 0.73069230870456 -147.417104 188.396337 -810.935816
f 17.673 -20103 -10740 -3988 4990 

m 17.673 -810.5782029134216 -1770.0139137667318 691.4868638513169 -938.7361795552006
p 17.758 0.6575093932865997 -0.16000247042286214 -0.08624959546310917 0.7311918352935842 -148.877346 192.041154 -814.273497
m 17.758 -810.5782029134216 -1770.0139137667318 691.4868638513169 -938.7361795552006
p 17.84 0.6570277524771461 -0.176930400786781 -0.08765254012432816 0.7275487956144248 -147.70423 193.130803 -810.68167
p 17.924 0.6661403513098048 -0.14604559487314553 -0.08957733168860153 0.7258811886252461 -148.248585 197.384488 -816.240251
f 17.84 -20344 -10852 -3706 4782 

m 17.924 -810.5782029134216 -1770.0139137667318 691.4868638513169 -938.7361795552006
p 18.007 0.6651966736718834 -0.147796993481301 -0.07342918985827787 0.728201551769838 -147.926529 199.253269 -813.791469
m 18.007 -810.5782029134216 -1770.0139137667318 691.4868638513169 -938.7361795552006
p 18.091 0.6601425797286485 -0.17015432574901945 -0.08963402571346955 0.726102609828666 -148.583708 202.420904 -814.955474
f 18.007 -20585 -10964 -3423 4574 

m 18.091 -810.5782029134216 -1770.0139137667318 691.4868638513169 -938.7361795552006
p 18.174 0.6619740764746238 -0.15978201513493073 -0.0785724531262771 0.7280700515747094 -148.593389 205.224921 -815.777011
m 18.174 -810.5782029134216 -1770.0139137667318 691.4868638513169 -938.7361795552006
p 18.257 0.664914674134978 -0.15864843222427505 -0.08596487770738975 0.7247960057836964 -146.918952 206.68159 -809.720839
f 18.257 -20826 -11076 -3140 4366 

m 18.257 -810.5782029134216 -1770.0139137667318 691.4868638513169 -938.7361795552006
p 18.341 0.6662211646569448 -0.17214324206492126 -0.08026674562994678 0.7211610430410117 -146.878855 209.521934 -811.511263
p 18.427 0.6669668244775563 -0.17063973298653679 -0.07612456105616751 0.7212783789910799 -146.907566 212.385292 -811.927285
m 18.427 -810.5782029134216 -1770.0139137667318 691.4868638513169 -938.7361795552006
p 18.513 0.669764727359432 -0.1636320740160356 -0.07593122962224229 0.7203294385210145 -147.022006 215.450795 -812.714308
f 18.427 -21067 -11188 -2857 4158 

m 18.513 -810.5782029134216 -1770.0139137667318 691.4868638513169 -938.7361795552006
p 18.596 0.6654869694656885 -0.17730222148882727 -0.08174821643432077 0.7204224455137417 -146.291566 216.965699 -808.16106
m 18.596 -810.5782029134216 -1770.0139137667318 691.4868638513169 -938.7361795552006
p 18.681 0.6681474441499298 -0.16561437566392198 -0.07525034257400222 0.721448542863592 -147.106098 220.939188 -813.21512
f 18.681 -21253 -11268 -2591 3947 

m 18.681 839.6459590185822 1204.3197409234106 1406.5670116193905 -841.9175988366537
p 18.767 0.6699568356278552 -0.18629140777339262 -0.07775838850404579 0.7144277430223437 -143.861747 221.736431 -806.382793
m 18.767 839.6459590185822 1204.3197409234106 1406.5670116193905 -841.9175988366537
p 18.851 0.6722742695461791 -0.17722143186489328 -0.08677194424533671 0.7135197965018211 -143.142951 224.859528 -808.948041
p 18.937 0.6717669864659107 -0.18113002395865227 -0.08344641371764153 0.7134129239087276 -142.453286 227.634325 -810.757325
f 18.851 -21020 -11104 -2451 3714 

m 18.937 839.6459590185822 1204.3197409234106 1406.5670116193905 -841.9175988366537
p 19.024 0.6749671456898314 -0.1812139493012852 -0.06994954604953374 0.7118202020173353 -140.99184 223.523516 -806.227573
m 19.024 839.6459590185822 1204.3197409234106 1406.5670116193905 -841.9175988366537
p 19.106 0.6751536397298237 -0.1804999920489877 -0.07269167000164542 0.7115498928395675 -139.670557 223.236559 -809.662567
f 19.024 -20787 -10941 -2311 3481 

m 19.106 839.6459590185822 1204.3197409234106 1406.5670116193905 -841.9175988366537
p 19.191 0.6803335292779956 -0.17752843483920164 -0.07013758651392844 0.7076091788551078 -136.260853 221.512885 -808.620305
m 19.191 839.6459590185822 1204.3197409234106 1406.5670116193905 -841.9175988366537
p 19.274 0.6821742164168711 -0.18027673558649288 -0.0708260678100552 0.7050687909700726 -133.920747 220.054252 -807.42427
f 19.274 -20554 -10778 -2171 3248 

m 19.274 839.6459590185822 1204.3197409234106 1406.5670116193905 -841.9175988366537
p 19.356 0.6823711210003709 -0.17968978658770707 -0.08780344471509985 0.7031159221636216 -133.02771 220.679208 -813.698722
p 19.438 0.6832490217059 -0.1774250217247366 -0.08039834961164022 0.7037240226111369 -131.872914 218.781348 -811.842225
m 19.438 839.6459590185822 1204.3197409234106 1406.5670116193905 -841.9175988366537
p 19.523 0.6826658499366799 -0.1932963911833163 -0.0631452046374077 0.7018664402861843 -128.842444 216.324606 -804.438227
f 19.438 -20321 -10614 -2031 3015 

m 19.523 839.6459590185822 1204.3197409234106 1406.5670116193905 -841.9175988366537
p 19.604 0.6827517048512597 -0.20193264528606908 -0.07171340396923433 0.698520042661626 -126.792818 214.278251 -802.342308
m 19.604 839.6459590185822 1204.3197409234106 1406.5670116193905 -841.9175988366537
p 19.687 0.6880338411245596 -0.19367322059957812 -0.08408192646474005 0.694284163725488 -124.72947 214.774571 -808.461238
f 19.687 -20088 -10451 -1891 2782 

m 19.687 839.6459590185822 1204.3197409234106 1406.5670116193905 -841.9175988366537
p 19.77 0.6873918105804429 -0.20261668379433864 -0.08101311068037606 0.6927304670649329 -122.530667 212.25638 -804.106519
m 19.77 839.6459590185822 1204.3197409234106 1406.5670116193905 -841.9175988366537
p 19.852 0.6896408867361824 -0.1912051866337904 -0.07694051478344574 0.694201879859166 -122.120802 213.371628 -808.556338
p 19.936 0.6905260583004627 -0.19262622313021358 -0.07795484381630677 0.6928145495008026 -120.566869 212.047673 -808.950756
f 19.852 -19855 -10287 -1750 2549 

m 19.936 839.6459590185822 1204.3197409234106 1406.5670116193905 -841.9175988366537
p 20.019 0.6958049295600024 -0.19020021902358122 -0.06752718758361168 0.6892890947226911 -119.322904 212.503129 -812.52576
m 20.019 839.6459590185822 1204.3197409234106 1406.5670116193905 -841.9175988366537
p 20.1 0.6940210731670905 -0.2056176757699737 -0.08403455205452909 0.6848315107077032 -115.464314 209.86278 -807.24471
f 20.019 -19622 -10124 -1610 2316 

m 20.1 839.6459590185822 1204.3197409234106 1406.5670116193905 -841.9175988366537
p 20.182 0.7005322976137504 -0.19581859461337053 -0.08642892013150712 0.6807641155510934 -114.417922 210.37579 -812.848975
m 20.182 839.6459590185822 1204.3197409234106 1406.5670116193905 -841.9175988366537
p 20.266 0.6995432438384349 -0.20932908907318426 -0.08053790883728715 0.678479142183837 -111.240733 208.011501 -807.165336
f 20.266 -19389 -9960 -1470 2083 

m 20.266 839.6459590185822 1204.3197409234106 1406.5670116193905 -841.9175988366537
p 20.348 0.7047400229872005 -0.1941744409803235 -0.08052579412114738 0.6776087414133892 -110.548796 208.597388 -811.612681
p 20.432 0.7034362089059675 -0.20846559807899015 -0.07981889372360353 0.6747953744636603 -107.789888 207.120062 -808.189781
m 20.432 839.6459590185822 1204.3197409234106 1406.5670116193905 -841.9175988366537
p 20.514 0.704837569940763 -0.21123838505446457 -0.07739868350744251 0.6727493258338252 -105.97222 206.724275 -808.784615
f 20.432 -19156 -9797 -1330 1850 

m 20.514 839.6459590185822 1204.3197409234106 1406.5670116193905 -841.9175988366537
p 20.597 0.7131479509891337 -0.19978848681032094 -0.08038724632172925 0.6671147261099667 -103.134115 206.795196 -811.331002
m 20.597 839.6459590185822 1204.3197409234106 1406.5670116193905 -841.9175988366537
p 20.683 0.7124549108540132 -0.20784718828381116 -0.08222309806213614 0.6651666551528697 -101.170384 205.90329 -809.923912
f 20.683 -18923 -9633 -1190 1617 

m 20.683 839.6459590185822 1204.3197409234106 1406.5670116193905 -841.9175988366537
p 20.766 0.7129854486593679 -0.21342897009487322 -0.07686201745497567 0.6634697116041692 -99.049744 204.477908 -808.068004
p 20.847 0.7172940470964471 -0.2020214033374177 -0.06772710605455215 0.6633925123541667 -98.342072 204.746898 -810.561083
m 20.847 839.6459590185822 1204.3197409234106 1406.5670116193905 -841.9175988366537
p 20.932 0.7161331929187476 -0.2148500467809724 -0.07905233350414355 0.6593508088565502 -96.301365 203.576008 -809.064551
f 20.847 -18690 -9469 -1050 1384 

m 20.932 839.6459590185822 1204.3197409234106 1406.5670116193905 -841.9175988366537
p 21.014 0.7182548294303353 -0.2153219075779293 -0.08399038548455896 0.6562712573389232 -94.940147 203.679403 -811.337609
m 21.014 839.6459590185822 1204.3197409234106 1406.5670116193905 -841.9175988366537
p 21.096 0.7205281049341516 -0.22831864416313694 -0.07578087464747824 0.6503594332976436 -91.942531 201.893013 -807.638613
f 21.096 -18457 -9306 -910 1151 

m 21.096 839.6459590185822 1204.3197409234106 1406.5670116193905 -841.9175988366537
p 21.178 0.7223814781678722 -0.2241215408936277 -0.09731388764049084 0.646888471151257 -91.058633 202.842253 -813.977996
m 21.178 839.6459590185822 1204.3197409234106 1406.5670116193905 -841.9175988366537
p 21.26 0.7223063754391208 -0.22835289235779696 -0.07698672182727662 0.6482294299497898 -88.706282 200.765143 -808.776928
p 21.343 0.7246997654201359 -0.2178422810837763 -0.08583209622530905 0.6480645812376175 -88.029891 201.360315 -813.59722
f 21.26 -18224 -9142 -769 918 

m 21.343 839.6459590185822 1204.3197409234106 1406.5670116193905 -841.9175988366537
p 21.427 0.7258188479228133 -0.2189327274357288 -0.0868405390413655 0.6463083059120096 -85.761431 199.604484 -811.694321
m 21.427 839.6459590185822 1204.3197409234106 1406.5670116193905 -841.9175988366537
p 21.509 0.727686917568263 -0.22139397604999128 -0.07516865932232285 0.64483019918519 -84.42855 198.906989 -812.992945
f 21.427 -17991 -8979 -629 685 

m 21.509 839.6459590185822 1204.3197409234106 1406.5670116193905 -841.9175988366537
p 21.591 0.7272270965798786 -0.24083948579982828 -0.08764524905597906 0.6367536388258562 -81.453011 195.876777 -805.552423
m 21.591 839.6459590185822 1204.3197409234106 1406.5670116193905 -841.9175988366537
p 21.674 0.7315124742613758 -0.2294561007582021 -0.08646605796280632 0.6362099299399097 -80.593953 195.979337 -810.427542
f 21.674 -17824 -8885 -535 468 

m 21.674 -1209.9572361165192 -750.6954074230101 -1413.4498717366587 -1390.2674404940326
p 21.759 0.7381111027480889 -0.21282060304356626 -0.07001757568418286 0.6363936922925743 -79.2433 195.399206 -813.669312
p 21.841 0.7345947862597446 -0.22596675487607712 -0.09884905441504793 0.6320903152119811 -78.123134 194.282125 -813.722484
m 21.841 -1209.9572361165192 -750.6954074230101 -1413.4498717366587 -1390.2674404940326
p 21.925 0.736064874858188 -0.22677314962510492 -0.09615083183209272 0.6305055652729159 -76.846145 193.687163 -812.272339
f 21.841 -17987 -9146 -675 326 

m 21.925 -1209.9572361165192 -750.6954074230101 -1413.4498717366587 -1390.2674404940326
p 22.007 0.7358056808696165 -0.2271309590902902 -0.09001935119842738 0.6315838706909197 -76.40003 195.672196 -812.510307
m 22.007 -1209.9572361165192 -750.6954074230101 -1413.4498717366587 -1390.2674404940326
p 22.088 0.7336458614345207 -0.22669827329877745 -0.09536140483802648 0.6334646924761242 -76.447925 197.23681 -810.290205
f 22.088 -18150 -9407 -814 185 

m 22.088 -1209.9572361165192 -750.6954074230101 -1413.4498717366587 -1390.2674404940326
p 22.17 0.7353883327875145 -0.21592129344521455 -0.08962713584285878 0.6360418423107479 -77.698851 199.541022 -812.759935
p 22.252 0.7368456419088057 -0.2050768728285453 -0.08681567259363271 0.6383297576159269 -79.493853 202.014881 -812.089695
m 22.252 -1209.9572361165192 -750.6954074230101 -1413.4498717366587 -1390.2674404940326
p 22.336 0.7337141814085373 -0.21801234602406275 -0.08753238199200043 0.6375517358843802 -80.094073 202.396176 -807.70657
f 22.252 -18314 -9669 -954 43 

m 22.336 -1209.9572361165192 -750.6954074230101 -1413.4498717366587 -1390.2674404940326
p 22.417 0.734841649608948 -0.22651036463240384 -0.08545956810343987 0.6335592848442307 -80.440111 203.797751 -806.372132
m 22.417 -1209.9572361165192 -750.6954074230101 -1413.4498717366587 -1390.2674404940326
p 22.499 0.7371823044539255 -0.22747731326000778 -0.09279590623200523 0.6294480987897907 -80.839255 206.685401 -806.941635
f 22.499 -18477 -9931 -1093 -99 

m 22.499 -1209.9572361165192 -750.6954074230101 -1413.4498717366587 -1390.2674404940326
p 22.58 0.7361681193857827 -0.2268191131929432 -0.09164075191993824 0.6310399591707335 -80.804159 207.784676 -805.571617
m 22.58 -1209.9572361165192 -750.6954074230101 -1413.4498717366587 -1390.2674404940326
p 22.661 0.7374242333962181 -0.20941812461026724 -0.08655634993989247 0.6362843513279182 -81.478841 211.221139 -807.411889
p 22.744 0.7295878973776909 -0.22154561579346518 -0.0721821869431826 0.6429687933230019 -81.571287 211.535891 -801.824279
f 22.661 -18640 -10193 -1233 -240 

m 22.744 -1209.9572361165192 -750.6954074230101 -1413.4498717366587 -1390.2674404940326
p 22.825 0.7306440651918004 -0.204328970989191 -0.05400714503804448 0.6492241196477501 -82.621463 214.545352 -802.97653
m 22.825 -1209.9572361165192 -750.6954074230101 -1413.4498717366587 -1390.2674404940326
p 22.907 0.7306683584226156 -0.20474713086380927 -0.07624834079345236 0.6468297067363079 -83.413014 216.556315 -804.878179
f 22.907 -18803 -10455 -1372 -382 

m 22.907 -1209.9572361165192 -750.6954074230101 -1413.4498717366587 -1390.2674404940326
p 22.988 0.7313396953536708 -0.21209501000077424 -0.08048619591410855 0.6431795689314063 -84.350477 218.68768 -802.937742
m 22.988 -1209.9572361165192 -750.6954074230101 -1413.4498717366587 -1390.2674404940326
p 23.07 0.7333914370920893 -0.21640898976036319 -0.08152876755294333 0.6392629860241069 -85.069615 220.44143 -802.624396
p 23.151 0.7377048867941706 -0.1998475306849018 -0.09558497071427725 0.6377428270056537 -86.318059 223.533778 -805.192998
f 23.07 -18967 -10716 -1511 -523 

m 23.151 -1209.9572361165192 -750.6954074230101 -1413.4498717366587 -1390.2674404940326
p 23.233 0.7339328988402141 -0.21297621382963863 -0.07549974948331589 0.6405336928524146 -86.380148 224.486181 -801.536003
m 23.233 -1209.9572361165192 -750.6954074230101 -1413.4498717366587 -1390.2674404940326
p 23.314 0.7326225153515281 -0.20879306436085082 -0.07726113900941273 0.6431954930758561 -86.599107 226.562026 -801.929298
f 23.233 -19130 -10977 -1651 -665 

m 23.314 -1209.9572361165192 -750.6954074230101 -1413.4498717366587 -1390.2674404940326
p 23.395 0.7249567228462676 -0.21596151199938632 -0.05659717153723232 0.6516095859423784 -86.15384 226.882067 -793.748102
m 23.395 -1209.9572361165192 -750.6954074230101 -1413.4498717366587 -1390.2674404940326
p 23.476 0.7202626257137045 -0.22113669974500447 -0.07203448873747775 0.6535525837309087 -86.744737 228.285625 -792.788832
p 23.557 0.7246138626882597 -0.20297707175287116 -0.06850683178463608 0.6550126549320432 -88.529649 232.329126 -796.606424
f 23.476 -19294 -11239 -1790 -806 

m 23.557 -1209.9572361165192 -750.6954074230101 -1413.4498717366587 -1390.2674404940326
p 23.64 0.7306327736968825 -0.18954323565213332 -0.06184502205036083 0.6530117005098094 -89.350917 234.149347 -796.911615
m 23.64 -1209.9572361165192 -750.6954074230101 -1413.4498717366587 -1390.2674404940326
p 23.721 0.7284191787700266 -0.21398599122993586 -0.07193008027118682 0.6468706669635383 -89.750601 235.505003 -793.444206
f 23.64 -19457 -11500 -1929 -948 

m 23.721 -1209.9572361165192 -750.6954074230101 -1413.4498717366587 -1390.2674404940326
p 23.802 0.7303209910717341 -0.21401103338223518 -0.07963416184252536 0.6438080046282239 -90.290046 238.365924 -795.563236
m 23.802 -1209.9572361165192 -750.6954074230101 -1413.4498717366587 -1390.2674404940326
p 23.883 0.7302032251366739 -0.1947029882994412 -0.06231484391414896 0.651928440758254 -91.232865 240.494569 -793.330153
f 23.883 -19620 -11761 -2069 -1089 

m 23.883 -1209.9572361165192 -750.6954074230101 -1413.4498717366587 -1390.2674404940326
p 23.965 0.7199868054346551 -0.21763940507965543 -0.06913980870794989 0.6553411763082971 -91.700946 241.417175 -789.812933
p 24.047 0.7170596209521214 -0.2115207655935312 -0.06317710365540835 0.6611301712548308 -92.433098 244.037851 -789.916019
m 24.047 -1209.9572361165192 -750.6954074230101 -1413.4498717366587 -1390.2674404940326
p 24.13 0.7188885518632216 -0.1971526040199986 -0.061798522016876814 0.6637103188851186 -93.232984 246.452131 -789.570368
f 24.047 -19783 -12022 -2209 -1231 

m 24.13 -1209.9572361165192 -750.6954074230101 -1413.4498717366587 -1390.2674404940326
p 24.211 0.7202209730353595 -0.1987938498883047 -0.05918391937457129 0.6620121016339683 -93.693642 247.946715 -788.55405
m 24.211 -1209.9572361165192 -750.6954074230101 -1413.4498717366587 -1390.2674404940326
p 24.292 0.7221883410856201 -0.21160823473039433 -0.07432029423144161 0.6543258498048454 -94.64997 251.475903 -788.117974
f 24.292 -19946 -12283 -2348 -1372 

m 24.292 -1209.9572361165192 -750.6954074230101 -1413.4498717366587 -1390.2674404940326
p 24.374 0.7285140698709943 -0.1952076231351069 -0.05331777601341083 0.6544602495932976 -95.036501 252.661916 -786.424575
p 24.455 0.7251523977758054 -0.19414367301523555 -0.055586591347743436 0.6583102413564514 -96.179122 255.782646 -787.456007
m 24.455 -1209.9572361165192 -750.6954074230101 -1413.4498717366587 -1390.2674404940326
p 24.539 0.718894985376863 -0.20378115438265637 -0.06024106563672492 0.661841450668315 -96.626629 257.422287 -784.468032
f 24.455 -20109 -12545 -2488 -1514 

m 24.539 -1209.9572361165192 -750.6954074230101 -1413.4498717366587 -1390.2674404940326
p 24.621 0.7166105985819635 -0.18805017713478142 -0.05023788382594279 0.669762979991851 -97.570578 260.105095 -782.819691
m 24.621 -1209.9572361165192 -750.6954074230101 -1413.4498717366587 -1390.2674404940326
p 24.707 0.7129728255691096 -0.19355646533911747 -0.053058123175738305 0.6718562514884634 -98.17414 261.429015 -781.543367
f 24.707 -20276 -12792 -2555 -1595 

m 24.707 -1097.661685549291 -1007.4167748191137 1004.1760055858372 1402.6261320710366
p 24.79 0.7148039941130715 -0.1997589565474825 -0.060199020087167016 0.6674784331500633 -98.978625 265.653532 -782.626203
m 24.79 -1097.661685549291 -1007.4167748191137 1004.1760055858372 1402.6261320710366
p 24.871 0.718748043475598 -0.20054106763616342 -0.06567948313532031 0.662473107679723 -99.24575 267.633507 -782.73995
p 24.955 0.7211054014497464 -0.19320268537706842 -0.05962373865673547 0.6626649156133124 -100.025438 269.372367 -782.195992
f 24.871 -20455 -12988 -2359 -1454 

m 24.955 -1097.661685549291 -1007.4167748191137 1004.1760055858372 1402.6261320710366
p 25.038 0.7181420472302119 -0.1932528537150407 -0.059388668529428174 0.6658814949554209 -101.229255 269.743666 -781.140512
m 25.038 -1097.661685549291 -1007.4167748191137 1004.1760055858372 1402.6261320710366
p 25.12 0.7121019940991599 -0.19145958181520678 -0.04601763549539633 0.6738964417689532 -102.957064 270.771538 -779.776668
f 25.038 -20634 -13184 -2163 -1313 

m 25.12 -1097.661685549291 -1007.4167748191137 1004.1760055858372 1402.6261320710366
p 25.201 0.7046220618175392 -0.18861245936181656 -0.057801198978845565 0.6816100801061309 -106.354642 273.236706 -781.68179
m 25.201 -1097.661685549291 -1007.4167748191137 1004.1760055858372 1402.6261320710366
p 25.283 0.7087839938937673 -0.1725631518963616 -0.051931195282489406 0.682019492771521 -108.033866 274.728744 -782.324463
f 25.283 -20813 -13380 -1967 -1172 

m 25.283 -1097.661685549291 -1007.4167748191137 1004.1760055858372 1402.6261320710366
m 25.283 -1097.661685549291 -1007.4167748191137 1004.1760055858372 1402.6261320710366
f 25.283 -20992 -13576 -1771 -1031 

m 25.283 -1097.661685549291 -1007.4167748191137 1004.1760055858372 1402.6261320710366
m 25.283 -1097.661685549291 -1007.4167748191137 1004.1760055858372 1402.6261320710366
f 25.283 -21171 -13772 -1575 -890 

m 25.283 -1097.661685549291 -1007.4167748191137 1004.1760055858372 1402.6261320710366
m 25.283 -1097.661685549291 -1007.4167748191137 1004.1760055858372 1402.6261320710366
f 25.283 -21350 -13968 -1379 -750 

m 25.283 -1097.661685549291 -1007.4167748191137 1004.1760055858372 1402.6261320710366
m 25.283 -1097.661685549291 -1007.4167748191137 1004.1760055858372 1402.6261320710366
f 25.283 -21529 -14164 -1183 -609 

m 25.283 -1097.661685549291 -1007.4167748191137 1004.1760055858372 1402.6261320710366
m 25.283 -1097.661685549291 -1007.4167748191137 1004.1760055858372 1402.6261320710366
f 25.283 -21708 -14360 -987 -468 

m 25.283 -1097.661685549291 -1007.4167748191137 1004.1760055858372 1402.6261320710366
m 25.283 -1097.661685549291 -1007.4167748191137 1004.1760055858372 1402.6261320710366
f 25.283 -21887 -14556 -791 -327 

m 25.283 -1097.661685549291 -1007.4167748191137 1004.1760055858372 1402.6261320710366
m 25.283 -1097.661685549291 -1007.4167748191137 1004.1760055858372 1402.6261320710366
f 25.283 -22066 -14752 -595 -187 

m 25.283 -1097.661685549291 -1007.4167748191137 1004.1760055858372 1402.6261320710366
m 25.283 -1097.661685549291 -1007.4167748191137 1004.1760055858372 1402.6261320710366
f 25.283 -22245 -14948 -399 -46 

m 25.283 -1097.661685549291 -1007.4167748191137 1004.1760055858372 1402.6261320710366
m 25.283 -1097.661685549291 -1007.4167748191137 1004.1760055858372 1402.6261320710366
f 25.283 -22424 -15144 -203 95 

m 25.283 -1097.661685549291 -1007.4167748191137 1004.1760055858372 1402.6261320710366
m 25.283 -1097.661685549291 -1007.4167748191137 1004.1760055858372 1402.6261320710366
f 25.283 -22603 -15340 -7 236 

m 25.283 -1097.661685549291 -1007.4167748191137 1004.1760055858372 1402.6261320710366
