m -1 0 0 0 0
m -1 0 0 0 0
m -1 0 0 0 0
m -1 0 0 0 0
m -1 0 0 0 0
m -1 0 0 0 0
m -1 0 0 0 0
p 0.187 0.553983866682847 0.2652973672394107 -0.4513734054857744 0.6472878030675381 -49.922766 108.82037 -962.945316
m 0.187 0 0 0 0
p 0.216 0.5542994806591004 0.26391108586846174 -0.4529825688019421 0.6464592021156478 -49.925769 108.970877 -964.371446
p 0.256 0.5544163544904593 0.2646453236720184 -0.4529933205822031 0.6460514685379177 -49.891436 108.974603 -964.419921
p 0.3 0.5538339127328269 0.26576174255859125 -0.45301579241581325 0.6460768143185452 -49.992782 109.161127 -965.571737
m 0.3 0 0 0 0
p 0.34 0.5541579525560546 0.2659341760092239 -0.45263260695851715 0.6459963235189501 -49.970646 109.193946 -965.889605
p 0.383 0.554389725148142 0.26587289845195533 -0.45215815012211513 0.6461555540270469 -50.04273 109.280354 -966.599193
m 0.383 0 0 0 0
p 0.426 0.5540801231630732 0.2654378104691087 -0.4526827696962695 0.6462323498556847 -49.991394 109.201087 -965.95037
p 0.465 0.5535937006885647 0.26624181662526214 -0.45346518481307135 0.6457700829242556 -49.943571 109.16311 -965.656355
p 0.509 0.5541954021099895 0.26568536154809574 -0.4525396653594142 0.64613175900895 -49.987895 109.194684 -965.8791
m 0.509 0 0 0 0
p 0.548 0.5543309462175413 0.26564486404319476 -0.4523148657999675 0.6461897941007734 -50.003031 109.191834 -965.824442
p 0.59 0.5540753319306094 0.26490934767510965 -0.45237521555262367 0.6466683848774425 -49.996946 109.253572 -966.459897
m 0.59 0 0 0 0
p 0.633 0.5540905727057365 0.2651936145071463 -0.4531809798422969 0.6459742641932417 -49.94166 109.032716 -964.817457
p 0.673 0.5541109889970577 0.26586226194990115 -0.4531672704725965 0.6456914897998889 -49.948481 109.006168 -964.531173
m 0.673 0 0 0 0
p 0.722 0.5542837006545442 0.26619639763045844 -0.45245216922598563 0.6459075011176136 -49.968952 109.19152 -965.85239
p 0.756 0.5532549747131897 0.26486999534597966 -0.4537896863802297 0.6463963567347824 -49.989702 109.185564 -965.872986
p 0.8 0.5540764821823951 0.2657589597995652 -0.4527403713674268 0.646062883936231 -49.97268 109.197515 -965.931557
m 0.8 0 0 0 0
p 0.841 0.554236976182927 0.2657188060690066 -0.45235341826657754 0.64621320011278 -49.958333 109.167616 -965.65872
p 0.881 0.5537083721645253 0.2647616946148844 -0.45295036817598033 0.6466409359142058 -50.007529 109.232713 -966.273497
m 0.881 0 0 0 0
p 0.925 0.5542080668757523 0.26535423452405205 -0.45237441349609087 0.6463727639682847 -49.973892 109.164153 -965.618716
p 0.965 0.5545437126775629 0.26538422683362434 -0.45191092458309773 0.6463967434942723 -49.962529 109.182743 -965.79053
p 1.014 0.5543169168184565 0.2658610478199495 -0.45222334646452245 0.6461768333823181 -49.959655 109.171151 -965.680623
m 1.014 0 0 0 0
p 1.048 0.5542935267421264 0.26555084346050845 -0.45294366540174197 0.6458198278157771 -49.938896 109.028556 -964.75708
p 1.09 0.5543309462175413 0.26564486404319476 -0.4523148657999675 0.6461897941007734 -50.003031 109.191834 -965.824442
m 1.09 0 0 0 0
p 1.133 0.5542361179460475 0.2664256391455689 -0.4526338352304085 0.6457261416421051 -49.948731 109.222673 -966.171508
p 1.173 0.5531981722411691 0.26446931072337754 -0.45372666846271553 0.6466525342098336 -50.012252 109.197028 -965.967705
p 1.217 0.554622803390251 0.2648689704652959 -0.45231664952985823 0.6462563345917779 -49.93168 109.018721 -964.677749
m 1.217 0 0 0 0
p 1.252 0.5540801231630732 0.2654378104691087 -0.4526827696962695 0.6462323498556847 -49.991394 109.201087 -965.95037
p 1.292 0.5533681983781684 0.26478291566927004 -0.4536128103094888 0.6464588153935252 -50.00412 109.180978 -965.805803
m 1.292 0 0 0 0
p 1.328 0.5539587588101249 0.26583379512250976 -0.45293719527022935 0.6459957430200296 -49.957652 109.200759 -965.987544
p 1.36 0.5537202348306414 0.2647764440485835 -0.45294724332413727 0.6466266310630889 -50.007084 109.23183 -966.26448
p 1.392 0.5536202559171408 0.26532029769356286 -0.45332641731872503 0.6462236454974393 -49.995156 109.164155 -965.62523
m 1.392 0 0 0 0
p 1.428 0.5540801231630732 0.2654378104691087 -0.4526827696962695 0.6462323498556847 -49.991394 109.201087 -965.95037
p 1.46 0.5540801231630732 0.2654378104691087 -0.4526827696962695 0.6462323498556847 -49.991394 109.201087 -965.95037
p 1.492 0.5540186590305674 0.2652604450401199 -0.45274206801592626 0.6463166793453501 -49.919664 109.195656 -966.007884
m 1.492 0 0 0 0
p 1.528 0.5543690961968192 0.2653673271183602 -0.45222458342430477 0.6463342788371974 -49.984911 109.229795 -966.217515
p 1.56 0.5540801231630732 0.2654378104691087 -0.4526827696962695 0.6462323498556847 -49.991394 109.201087 -965.95037
p 1.592 0.5539436176208434 0.2654666658834112 -0.4528322125683543 0.6462327367133299 -49.941402 109.165185 -965.685409
m 1.592 0 0 0 0
p 1.628 0.5545712577800055 0.2664448336150579 -0.45208800897753093 0.6458128598905414 -49.941478 109.211726 -966.057114
p 1.66 0.5539461614269566 0.2656062009145832 -0.45278184036600083 0.6462085576654026 -49.937618 109.15617 -965.599673
p 1.692 0.5540047896068814 0.26527865676065826 -0.4527629225018919 0.6463062354642727 -49.99435 109.20673 -966.009746
m 1.692 0 0 0 0
p 1.728 0.5540960030794039 0.26508470890317015 -0.45313116111743007 0.6460491467373051 -49.910473 109.001408 -964.566423
p 1.76 0.5544212851938566 0.26485734223808843 -0.45200908878800067 0.6466490547429881 -50.021663 109.236087 -966.240709
p 1.792 0.5541579525560546 0.2659341760092239 -0.45263260695851715 0.6459963235189501 -49.970646 109.193946 -965.889605
m 1.792 0 0 0 0
p 1.828 0.5540392443434254 0.26633901594775033 -0.45287497033084556 0.6457615659049399 -49.937219 109.194355 -965.932841
p 1.86 0.5540764821823951 0.2657589597995652 -0.4527403713674268 0.646062883936231 -49.97268 109.197515 -965.931557
p 1.892 0.5536855409439558 0.26524905721368935 -0.45322771087622377 0.6462661990232818 -49.928423 109.17146 -965.785755
m 1.892 0 0 0 0
p 1.928 0.5540801231630732 0.2654378104691087 -0.4526827696962695 0.6462323498556847 -49.991394 109.201087 -965.95037
p 1.96 0.5540616348139055 0.26601328285563935 -0.4526767107034091 0.6460156731844825 -49.925256 109.168263 -965.710885
p 1.993 0.5536631797878576 0.2652376937120103 -0.4531989922873536 0.6463099101824139 -49.970887 109.226537 -966.251749
m 1.993 0 0 0 0
p 2.028 0.5543309462175413 0.26564486404319476 -0.4523148657999675 0.6461897941007734 -50.003031 109.191834 -965.824442
p 2.06 0.5533681983781684 0.26478291566927004 -0.4536128103094888 0.6464588153935252 -50.00412 109.180978 -965.805803
p 2.092 0.5543504909311603 0.2660099251583471 -0.45232162988159713 0.6460181885984327 -49.985429 109.190878 -965.825974
m 2.092 0 0 0 0
p 2.128 0.5541624683559383 0.26434643636972033 -0.4528436405003129 0.646496326362339 -49.940365 109.131984 -965.516055
p 2.16 0.5534855963865404 0.26482498918192654 -0.45344483722906603 0.6464590087546155 -49.936049 109.185939 -965.938953
p 2.192 0.5536511408961129 0.26521742936485554 -0.45320506699168445 0.6463244154447517 -49.971475 109.227708 -966.263478
m 2.192 0 0 0 0
p 2.228 0.5537749245006471 0.2648528444090736 -0.4529280401405573 0.6465618686560476 -50.004846 109.227383 -966.219427
p 2.26 0.5538930004322017 0.2656864424827924 -0.4529386372400348 0.6461112520301747 -49.924813 109.165737 -965.708992
p 2.292 0.5543690961968192 0.2653673271183602 -0.45222458342430477 0.6463342788371974 -49.984911 109.229795 -966.217515
m 2.292 0 0 0 0
p 2.328 0.5540808747912742 0.2655198918364952 -0.4531849416675929 0.6458461504104518 -49.963124 109.000764 -964.473916
p 2.36 0.5542837006545442 0.26619639763045844 -0.45245216922598563 0.6459075011176136 -49.968952 109.19152 -965.85239
p 2.392 0.5543504909311603 0.2660099251583471 -0.45232162988159713 0.6460181885984327 -49.985429 109.190878 -965.825974
m 2.392 0 0 0 0
p 2.428 0.5539026915070188 0.2650403961638292 -0.4534310705943999 0.6460232193969502 -49.894726 109.002445 -964.610949
p 2.46 0.5542460570078271 0.26575223660490555 -0.4524895323445527 0.646096161573492 -49.951124 109.22934 -966.254019
p 2.492 0.5541954021099895 0.26568536154809574 -0.4525396653594142 0.64613175900895 -49.987895 109.194684 -965.8791
m 2.492 0 0 0 0
p 2.528 0.5544242900977688 0.2661572984587344 -0.4522097725052643 0.6459723291287328 -49.985159 109.190991 -965.817876
p 2.56 0.5538351265313256 0.2655689902493848 -0.4530707868775533 0.6461164755676797 -49.962582 109.210169 -966.086387
p 2.592 0.5540892593143365 0.26622766258772285 -0.45260699689899586 0.645952784652253 -49.996006 109.170312 -965.622855
m 2.592 733.0824249743895 -858.1748984604376 -432.3947801013473 -462.54539422504206
p 2.628 0.5540047896068814 0.26527865676065826 -0.4527629225018919 0.6463062354642727 -49.99435 109.20673 -966.009746
p 2.66 0.5541038172405497 0.26538860711904766 -0.45260023354399975 0.6462899890915842 -50.076249 109.235314 -966.158143
p 2.692 0.5570462838220565 0.25940110070169964 -0.45673475199224467 0.643275990535944 -50.139966 109.661023 -966.92574
m 2.692 733.0824249743895 -858.1748984604376 -432.3947801013473 -462.54539422504206
p 2.728 0.5598976446563421 0.26284850592130365 -0.4515339577443128 0.6430728963344668 -50.015944 109.71063 -965.444492
p 2.76 0.5636557576525374 0.2615708887089209 -0.45069399150138545 0.6408960524141182 -50.065359 110.18705 -968.227519
p 2.792 0.5680227041921676 0.25604167127317506 -0.45144528274447626 0.6387407533577297 -50.317347 111.353905 -974.663708
m 2.792 733.0824249743895 -858.1748984604376 -432.3947801013473 -462.54539422504206
p 2.828 0.571128497433052 0.25717102913628703 -0.4547135925302761 0.6331749363327642 -49.656409 110.458225 -964.778503
p 2.86 0.5718181348902391 0.25803013729256613 -0.4544951933575539 0.6323592728821172 -49.58182 110.508756 -963.879723
p 2.892 0.5726876824615362 0.2601049986081511 -0.4529436461157435 0.6318352237727809 -49.599987 110.674049 -964.221433
m 2.892 733.0824249743895 -858.1748984604376 -432.3947801013473 -462.54539422504206
p 2.928 0.5734313205984269 0.25816790943040097 -0.45597840888710295 0.6297694022418047 -49.348295 110.268967 -959.468764
p 2.96 0.5763798450231283 0.2609766421175885 -0.451263825869476 0.6293158984166856 -49.356902 110.016512 -956.257695
p 2.992 0.5811057931842806 0.2596254983573923 -0.4507532085621497 0.6258851731747606 -49.678403 111.43827 -963.22592
m 2.992 733.0824249743895 -858.1748984604376 -432.3947801013473 -462.54539422504206
p 3.028 0.582455417624659 0.25641619746090066 -0.44728815935467225 0.6284343641145032 -50.088639 112.633373 -970.229246
p 3.06 0.583347156279664 0.2580301433808545 -0.44529017402651133 0.6283655385203744 -50.022399 112.785744 -969.601378
p 3.092 0.5849061825512296 0.2584402091576578 -0.44553500061505835 0.6265714245000324 -49.90355 112.642552 -967.080975
m 3.092 -322.688545006765 620.9920102829371 -653.1908815590295 580.8342026506677
p 3.128 0.5890132626243088 0.25325035810642316 -0.4482333115085425 0.6229082998323268 -49.895621 112.898427 -966.742385
p 3.16 0.5920369635951176 0.2504081227901471 -0.4455469981078687 0.6231177657553988 -50.082785 113.970527 -973.441722
p 3.192 0.5907263612496904 0.24795919344517783 -0.4532209769008328 0.6197975475911468 -49.801025 113.365666 -969.580551
m 3.192 -322.688545006765 620.9920102829371 -653.1908815590295 580.8342026506677
p 3.228 0.5909079797098626 0.2487541640301263 -0.45084110878567435 0.6210408601694416 -50.211728 113.664403 -972.596054
p 3.26 0.5877302362577232 0.25791324833364937 -0.4476533387546793 0.6226240840185995 -49.93105 112.755572 -963.026404
p 3.292 0.585446445163491 0.2590618799996062 -0.44905949719494875 0.6232854482498368 -50.1151 112.439725 -960.606207
m 3.292 -322.688545006765 620.9920102829371 -653.1908815590295 580.8342026506677
p 3.328 0.5858890017158616 0.25327865610484235 -0.44992046549685205 0.6246242870718365 -50.573934 112.526903 -961.750862
p 3.36 0.5869634168826465 0.2525998832644373 -0.4490119749436012 0.6245440336757689 -50.745393 112.653491 -961.589626
p 3.392 0.5867161998634569 0.2515561589323798 -0.44941897304046635 0.6249051928092773 -50.928092 112.651807 -960.424354
m 3.392 -322.688545006765 620.9920102829371 -653.1908815590295 580.8342026506677
p 3.428 0.5864455492661537 0.2540946591127099 -0.44891197362192153 0.6244965972685519 -51.084526 112.592541 -959.510028
p 3.46 0.5849711844435591 0.2540945016388869 -0.4511815688008207 0.6242431417324502 -51.049314 112.584459 -958.151743
p 3.492 0.5850710972593908 0.25524360638055527 -0.45081609839977455 0.6239451097652742 -51.290978 113.114033 -961.550097
m 3.492 -322.688545006765 620.9920102829371 -653.1908815590295 580.8342026506677
p 3.528 0.5857350668976082 0.2591480026660985 -0.44503772876885905 0.6258576116018723 -51.911975 114.415192 -970.459157
p 3.56 0.5857228310514027 0.25652950600936675 -0.4451225206051222 0.6268869515311354 -52.103665 114.614591 -971.794583
p 3.592 0.582795187544125 0.25696210655814467 -0.44647373858553874 0.6284759343045684 -52.14978 114.366268 -967.831995
p 3.628 0.5814147308144011 0.2563984932983934 -0.4475919712816538 0.6291885647403328 -52.439374 114.160257 -966.239031
m 3.628 -599.7768326163732 -543.4925011844188 347.951946286737 -381.417097230133
p 3.66 0.5799227516336087 0.2548323454990853 -0.44567965031809914 0.6325501956366782 -53.117693 114.923041 -972.442312
p 3.692 0.57790996261229 0.25554955829396064 -0.4483525591341098 0.6322139669447362 -52.917773 114.02136 -964.822485
p 3.728 0.5777647855658542 0.2549936260700089 -0.448251038072225 0.6326432644073593 -52.806821 113.966639 -964.739725
m 3.728 -599.7768326163732 -543.4925011844188 347.951946286737 -381.417097230133
p 3.76 0.5791115720246599 0.25447906261087033 -0.44439318134946004 0.6343380407952844 -52.986387 114.917716 -972.80319
p 3.792 0.5740275958066753 0.2578441374853125 -0.44939721236537483 0.6340749167093743 -52.311113 114.072009 -964.847381
p 3.828 0.5665245710518502 0.2635942920109318 -0.4516035094929136 0.6368849974681456 -51.912892 113.663366 -961.498204
m 3.828 -599.7768326163732 -543.4925011844188 347.951946286737 -381.417097230133
p 3.86 0.5619561839946453 0.2679608874521298 -0.45056903274869414 0.639835916466089 -51.936478 113.999536 -963.846753
p 3.892 0.5584990334707188 0.26825872878933615 -0.4509094686243212 0.6424926069613565 -51.827665 114.02226 -962.834389
p 3.928 0.5568281145680672 0.2653279240958347 -0.45168218625364126 0.6446136439759865 -51.928362 113.930226 -961.486467
m 3.928 -599.7768326163732 -543.4925011844188 347.951946286737 -381.417097230133
p 3.96 0.5536867815322606 0.25869927737882364 -0.45771078243167385 0.6457604044845116 -52.017555 113.903966 -960.936353
p 3.992 0.5520662026158112 0.25611738363604014 -0.45550350318617877 0.6497255189693568 -52.406765 114.463717 -965.673955
p 4.028 0.5463700657424578 0.26194043047168963 -0.4540694489560829 0.6532134031080501 -52.23638 114.282405 -962.502909
m 4.028 -599.7768326163732 -543.4925011844188 347.951946286737 -381.417097230133
p 4.06 0.5417214420239848 0.2638687205061844 -0.4548666134943668 0.6557493804800734 -51.949293 114.382976 -961.583469
p 4.092 0.54141757085929 0.26263717485925603 -0.45499500825094474 0.6564055529929649 -52.075549 115.447121 -968.864692
p 4.128 0.5421956869330439 0.26702003605895 -0.453704746667213 0.6548862496647796 -51.499985 115.344195 -966.365281
m 4.128 375.3142282179092 -385.36195149376624 887.4982993942203 -679.9736839823238
p 4.16 0.5416393687468878 0.26527075499670405 -0.45588915973579813 0.6545406786441925 -51.152903 115.54816 -965.864636
p 4.192 0.5408316348595417 0.2675953689078923 -0.45407142716077503 0.655525171141429 -51.01406 115.910262 -967.52884
p 4.228 0.537333964015803 0.26175075178061846 -0.4596147630234303 0.656896871662516 -50.815001 115.991781 -966.660923
p 4.26 0.5369313743957344 0.2653822590248877 -0.4563652258262165 0.6580338137208452 -51.019805 115.8624 -966.424881
p 4.292 0.5387603182346511 0.26516124112519635 -0.45593845979814784 0.6569219892803102 -51.03391 115.448606 -965.040228
m 4.292 375.3142282179092 -385.36195149376624 887.4982993942203 -679.9736839823238
p 4.328 0.5399607494953154 0.26428470993434294 -0.4553394980815089 0.656705603752549 -50.520675 114.866813 -961.275293
p 4.36 0.5472334899171903 0.263573315210453 -0.44973391872435986 0.6548310850898879 -50.432803 115.869978 -967.720075
p 4.392 0.5507139162310127 0.25989494078611797 -0.45549178914176164 0.649381628936329 -49.439035 115.055061 -961.277227
m 4.392 375.3142282179092 -385.36195149376624 887.4982993942203 -679.9736839823238
p 4.428 0.5526847315442869 0.26547292994276245 -0.4542407264284843 0.6463191935878123 -48.810651 115.118073 -962.779068
p 4.46 0.5548648480016946 0.2668780151802479 -0.4553835627335149 0.6430606503277898 -48.313871 115.2908 -963.926688
p 4.492 0.5567817115451694 0.26795480665601773 -0.4560086061646467 0.6405081966688639 -47.840186 115.395404 -964.705133
m 4.492 375.3142282179092 -385.36195149376624 887.4982993942203 -679.9736839823238
p 4.528 0.5604269719483894 0.2639184003007109 -0.4545414322006107 0.6400472638797857 -47.698602 115.871297 -968.855696
p 4.56 0.5653827524977242 0.26397028951997253 -0.45371675215904506 0.636241109957538 -47.097907 115.114955 -962.812636
p 4.592 0.5672819442520562 0.2585958358037563 -0.45346774811466317 0.6369350437839011 -47.012411 115.224479 -963.925567
m 4.592 375.3142282179092 -385.36195149376624 887.4982993942203 -679.9736839823238
p 4.628 0.5680111361955961 0.25743484605766453 -0.452657624282251 0.637332134761774 -47.143766 115.280941 -964.600284
p 4.66 0.568639838398571 0.2555278151750284 -0.4527960650333508 0.637440389369861 -46.856052 115.352123 -964.864597
p 4.692 0.5702268682410319 0.25868908702341137 -0.4519997498294729 0.6353089799459787 -46.411069 115.312359 -963.931358
m 4.692 -675.842654261939 -732.27235221753 646.8641733631637 306.79029610299716
p 4.728 0.5740274500712247 0.2541601248690211 -0.45348357048067517 0.6326513652873911 -46.251762 115.976325 -969.289288
p 4.76 0.5778338207353061 0.25598989796506194 -0.45276097840219126 0.6289554833213555 -45.657956 115.927999 -968.599021
p 4.792 0.5796256017203119 0.25900743483584526 -0.45209320587695934 0.6265466862094157 -45.374424 116.133666 -969.938261
p 4.828 0.5806977273980738 0.2615154951821381 -0.4501143184113782 0.6259370974786524 -45.005752 116.30059 -971.296395
m 4.828 -675.842654261939 -732.27235221753 646.8641733631637 306.79029610299716
p 4.86 0.5796956206490477 0.2609063861110708 -0.45019049670229877 0.627063991949785 -44.964939 116.408336 -972.951198
p 4.892 0.5793742060317147 0.2591470987496611 -0.45004719734808724 0.6281924466276237 -44.97161 116.215259 -971.069624
p 4.928 0.5778534309710249 0.2556597780203056 -0.45056148014102554 0.6306486739857621 -45.145759 116.126158 -971.346306
m 4.928 -675.842654261939 -732.27235221753 646.8641733631637 306.79029610299716
p 4.96 0.574374586178413 0.25993540219421485 -0.44439451133894414 0.6364283148949299 -45.358022 115.77612 -971.389742
p 4.992 0.5757967359874473 0.2554118000583942 -0.4449119036165118 0.6366131085675192 -45.330126 115.900498 -972.52161
p 5.028 0.5756039516050023 0.25911119693588036 -0.4432214412899701 0.6364719161125649 -44.933359 115.492353 -970.466179
m 5.028 -675.842654261939 -732.27235221753 646.8641733631637 306.79029610299716
p 5.06 0.5759427869654392 0.26252972025973004 -0.4543217463333596 0.6268652167731115 -43.866101 112.916024 -953.410663
p 5.092 0.57693188939414 0.26165407090454684 -0.45270996192919644 0.6274878484879209 -43.485858 113.544068 -958.64134
p 5.128 0.5790269785276149 0.2631039211123911 -0.4520784491631989 0.6254030700276423 -42.985459 113.756433 -960.179937
m 5.128 -675.842654261939 -732.27235221753 646.8641733631637 306.79029610299716
p 5.16 0.5811905251348027 0.26211462412197967 -0.45294942404779465 0.6231777435050133 -42.664814 113.900586 -960.746708
p 5.192 0.5832408323510727 0.2634091588268929 -0.44776938730699933 0.6244581651319806 -42.530696 113.954328 -962.023183
p 5.228 0.5835459915083062 0.2617286886374974 -0.4471864613969408 0.6252973292762412 -42.567924 113.913375 -961.692496
m 5.228 -856.9468781465389 541.4230029275832 482.1332674450103 -632.5457131672092
p 5.26 0.5820181692257212 0.2565560524614359 -0.44763784017326963 0.6285332131240162 -42.772542 114.183037 -965.542512
p 5.292 0.580344748460235 0.2551496187226901 -0.4478172982891665 0.6305222042085433 -42.960297 114.083281 -965.81301
p 5.328 0.5798350219494464 0.2554212998678319 -0.44748024755072946 0.6311200361262508 -43.209523 114.246817 -968.058067
p 5.36 0.5776366161527571 0.2563640763780444 -0.44950942405110256 0.6313121256557647 -43.215365 114.115844 -967.033141
m 5.36 -856.9468781465389 541.4230029275832 482.1332674450103 -632.5457131672092
p 5.392 0.5761261917965462 0.2591659076572307 -0.4519227222247248 0.629823387943001 -43.159601 114.133183 -967.512698
p 5.428 0.5692330911499299 0.26047113814313955 -0.4565348833990306 0.6322216778947081 -43.028068 113.868997 -965.567007
p 5.46 0.5633846237844051 0.2696788009556423 -0.45106950239268656 0.637500980391403 -42.922193 113.426489 -963.039368
m 5.46 -856.9468781465389 541.4230029275832 482.1332674450103 -632.5457131672092
p 5.492 0.5579064369246234 0.27219145477321655 -0.4498400830476399 0.6421031848542725 -43.310481 113.700153 -965.234915
p 5.528 0.5550135139229517 0.2691169867296209 -0.45023093137662684 0.6456225677592133 -43.811005 113.738031 -965.491948
p 5.56 0.5528678707960211 0.26529401004804415 -0.45092114240689074 0.6485568594965285 -44.252706 113.628823 -964.787248
m 5.56 -856.9468781465389 541.4230029275832 482.1332674450103 -632.5457131672092
p 5.592 0.5491288080910177 0.26021797682872727 -0.4548876157874128 0.6510157448172817 -44.792443 113.415118 -963.045075
p 5.628 0.5444219927386416 0.2586160465607599 -0.4573926727736405 0.6538457386876511 -45.278329 113.351407 -962.924918
p 5.66 0.5392499529216519 0.2562015816920233 -0.4592085980924805 0.6577974612295187 -45.773777 114.218125 -969.827541
m 5.66 -856.9468781465389 541.4230029275832 482.1332674450103 -632.5457131672092
p 5.692 0.5327378328210802 0.26360367954707586 -0.46175373739140757 0.6583974863256998 -45.42371 113.297801 -962.277598
p 5.728 0.530757803331869 0.2663089794266115 -0.46111647738941436 0.6593534712125204 -45.33215 113.24121 -961.181494
p 5.76 0.5301067985118117 0.26765368310935983 -0.4621198425460139 0.6586300175364012 -45.152827 113.607731 -962.816278
p 5.792 0.5291901527057412 0.26871601555485536 -0.461272647248682 0.6595280509576527 -45.036464 113.531964 -960.916401
m 5.792 -795.0568093075563 -300.6763914802518 597.431271162101 848.5646570672741
p 5.829 0.527732629783558 0.26663076723587553 -0.46129545170565955 0.6615234311798789 -45.139263 113.76356 -961.875333
p 5.86 0.527523791378739 0.2656116319003787 -0.46048660459378105 0.662662055651295 -45.477467 113.987344 -963.381919
p 5.892 0.5268223922199894 0.2594720032844556 -0.4615337583957665 0.66492048396782 -45.870015 114.339362 -968.25206
m 5.892 -795.0568093075563 -300.6763914802518 597.431271162101 848.5646570672741
p 5.928 0.5266539634631126 0.26309666104177354 -0.46136077861289415 0.6637484463258652 -45.474712 113.437578 -960.590384
p 5.96 0.526573255787857 0.2622487389154305 -0.46213899831911653 0.6636066229325925 -45.222314 113.911859 -963.30737
p 5.992 0.5291108066400627 0.2568368573181131 -0.4632462578693267 0.6629325003346872 -44.990039 114.663101 -969.678953
m 5.992 -795.0568093075563 -300.6763914802518 597.431271162101 848.5646570672741
p 6.028 0.5310279212173555 0.26403478000255626 -0.46131833869175787 0.6599092740672766 -44.186076 114.401706 -967.018231
p 6.06 0.5330187217730809 0.26414607455540684 -0.46268913101045217 0.6572944545635541 -43.21794 114.228275 -964.26414
p 6.092 0.534808850289252 0.2698661505785775 -0.4590111029364931 0.6560946959090586 -42.249916 114.109875 -961.610655
m 6.092 -795.0568093075563 -300.6763914802518 597.431271162101 848.5646570672741
p 6.128 0.534434999848778 0.2707000438372743 -0.4637430927920363 0.6527196948154697 -41.645613 113.637245 -958.317866
p 6.16 0.5370498108598344 0.2700963480022735 -0.4586576140401426 0.6544146239197287 -41.543122 114.215147 -962.437662
p 6.192 0.5374102196391803 0.26717275546885605 -0.4590582510016685 0.6550377851696801 -41.345362 114.411811 -963.254317
m 6.192 -795.0568093075563 -300.6763914802518 597.431271162101 848.5646570672741
p 6.228 0.5382462507645241 0.2651246510033943 -0.45856126525084706 0.6555312730907658 -41.216897 114.480606 -963.820452
p 6.26 0.5375822078306606 0.2625749764673919 -0.45864686353782513 0.6570409043583207 -41.082674 114.443909 -964.07207
p 6.292 0.5374378718700606 0.2628944428221739 -0.458031217828705 0.6574606452100384 -40.845766 114.334112 -963.202827
p 6.328 0.5365451109905709 0.264957079562095 -0.4578550778036038 0.6574847906986139 -40.480689 114.347175 -963.569989
m 6.328 543.7888133208448 322.17308872940555 -891.5154778532205 454.7294032214437
p 6.36 0.5382392922339896 0.26694006913951007 -0.458274141550889 0.6550009541977783 -39.924318 114.307604 -962.37452
p 6.392 0.5399901465298932 0.2695054741643127 -0.4563507143840419 0.6538512827853136 -39.38836 114.342179 -962.751745
p 6.428 0.5416242914848707 0.27238595049342756 -0.45546116573287504 0.6519233083730018 -39.180057 114.139154 -962.487359
m 6.428 543.7888133208448 322.17308872940555 -891.5154778532205 454.7294032214437
p 6.46 0.5432861377173765 0.2731085873398954 -0.4555172874830334 0.6501965087571603 -39.235124 113.760412 -962.613786
p 6.492 0.5451584110268513 0.26894441044321826 -0.45725783602959325 0.6491425113178153 -39.660319 113.53656 -964.159278
p 6.528 0.542028190289004 0.2639887124986286 -0.46463661669281753 0.6485589795847406 -40.063257 113.122255 -962.219103
m 6.528 543.7888133208448 322.17308872940555 -891.5154778532205 454.7294032214437
p 6.56 0.5404088457787216 0.2671643256645018 -0.45782846504561836 0.653433049363131 -40.754166 112.992723 -965.097818
p 6.592 0.5373286445452732 0.26674948894966344 -0.45681125446875037 0.6568456820288918 -41.29575 112.257363 -963.316921
p 6.628 0.5339447659290729 0.26256551725153165 -0.463401793073368 0.6566741962343275 -41.684936 111.62859 -959.947225
m 6.628 543.7888133208448 322.17308872940555 -891.5154778532205 454.7294032214437
p 6.66 0.5347500010803398 0.25937898858409286 -0.46283093768266764 0.6576872356979419 -42.22236 112.02928 -965.707816
p 6.692 0.535089001212656 0.26632770477503953 -0.4564273988848561 0.6591081094934275 -42.307647 111.282486 -962.904686
p 6.728 0.5374207404882727 0.26219388118161235 -0.45681662579126425 0.6585985119934602 -42.686576 111.932276 -971.248854
m 6.728 543.7888133208448 322.17308872940555 -891.5154778532205 454.7294032214437
p 6.76 0.5377240189448027 0.2699690572717918 -0.45612085096934013 0.6556853284922577 -42.17584 110.833427 -962.543685
p 6.792 0.5397904819732403 0.2668090003249328 -0.4598128964786133 0.6526953730493269 -42.240156 111.00072 -966.202283
p 6.828 0.5400875451290942 0.2689754874189389 -0.45921690250549746 0.651979485873597 -42.082659 110.18671 -961.672839
m 6.828 637.7900442870282 657.9466895026565 -535.3261595555398 -330.86598735379664
p 6.86 0.541135524889114 0.26333452784190126 -0.46128158119881835 0.6519559034167878 -42.4655 110.444648 -966.443856
p 6.892 0.5382136705046247 0.2639143404894549 -0.46497347815376516 0.6515172676146043 -42.762303 109.833689 -963.345017
p 6.928 0.5391211391257712 0.26833474208779506 -0.45720079649081347 0.6544558808659298 -43.111234 109.607486 -962.986432
p 6.96 0.5374968156796545 0.2646051810192543 -0.4577590131304008 0.6569155196827062 -43.499055 109.647659 -962.471748
m 6.96 637.7900442870282 657.9466895026565 -535.3261595555398 -330.86598735379664
p 6.992 0.5375319168803335 0.25869876127318 -0.45874477682099507 0.6585497323665085 -44.242326 110.641043 -970.781392
p 7.028 0.5365139747512817 0.2622268109524131 -0.45764483070803436 0.6587493833014191 -44.298553 110.166017 -966.407514
p 7.06 0.5378891446204983 0.2649750892691347 -0.4581192607369715 0.6561937594948614 -44.158653 109.859433 -962.416806
m 7.06 637.7900442870282 657.9466895026565 -535.3261595555398 -330.86598735379664
p 7.092 0.5391251902618036 0.26618076434373 -0.45866772579352955 0.6543053568480087 -44.163238 110.061332 -962.508758
p 7.128 0.5408686279868127 0.2709360552400066 -0.4571401500472729 0.651979485873597 -44.15074 110.330322 -963.28712
p 7.16 0.5432547880514746 0.2653265962946797 -0.45889651788683855 0.651068352786403 -44.186596 110.829115 -965.769346
m 7.16 637.7900442870282 657.9466895026565 -535.3261595555398 -330.86598735379664
p 7.192 0.5447797437053472 0.2650889906673921 -0.45746606724645494 0.6508974573617567 -44.502531 111.424719 -970.281918
p 7.228 0.5443414195730581 0.26637489943090464 -0.45572720071754846 0.6519580124517222 -44.789181 111.655211 -970.907233
p 7.26 0.5423090336116301 0.26712088299354425 -0.458022178508413 0.6517386362645688 -44.947974 110.867605 -963.144132
m 7.26 637.7900442870282 657.9466895026565 -535.3261595555398 -330.86598735379664
p 7.292 0.5401236169486622 0.2661808187032792 -0.45785129702934846 0.6540535146301103 -45.478081 110.794842 -962.534463
p 7.328 0.5400642468467136 0.2575707036261444 -0.4604499380795761 0.6557238366873664 -46.115192 111.543121 -967.820374
p 7.36 0.5417891493408273 0.26223339818023733 -0.45770729382429853 0.6543712631220903 -46.125891 111.317394 -963.848362
m 7.36 -518.3402757979679 -573.4288451969945 599.9686479656762 581.384965990902
p 7.392 0.5427002765557589 0.26205840289595056 -0.45397738396516857 0.6562821420700093 -46.589781 112.487854 -973.237434
p 7.428 0.5422986568265279 0.2647088805779026 -0.4582717111789175 0.6525555531906844 -46.376691 111.63239 -965.087372
p 7.46 0.5439442775615597 0.26302824659701235 -0.45965406631064915 0.6508911199271349 -46.403258 112.189391 -968.622613
p 7.492 0.5429385160208887 0.2666111657420989 -0.4595329366703592 0.6503581705491214 -45.809569 111.387705 -962.819243
m 7.492 -518.3402757979679 -573.4288451969945 599.9686479656762 581.384965990902
p 7.528 0.5432051441490465 0.2664926434899816 -0.4591225962076731 0.6504738657317448 -45.444082 111.363205 -963.195016
p 7.56 0.5419591026983919 0.2661638987322387 -0.45882145194431967 0.6518586886741634 -45.325682 111.556546 -964.091185
p 7.592 0.53998881821103 0.26722770644003857 -0.4592416204707588 0.6527625908398856 -45.245926 111.279044 -961.917001
m 7.592 -518.3402757979679 -573.4288451969945 599.9686479656762 581.384965990902
p 7.628 0.536576482623918 0.2620935934163975 -0.45894548430106824 0.65784610662373 -45.709962 112.064874 -970.156889
p 7.66 0.5330043495253398 0.25854510949742215 -0.46566152916291265 0.6574345975076152 -45.644946 111.4222 -965.196322
p 7.692 0.5327791117876645 0.2616142780527804 -0.46407130627162996 0.6575271857497605 -45.55328 111.259379 -962.463367
m 7.692 -518.3402757979679 -573.4288451969945 599.9686479656762 581.384965990902
p 7.728 0.5357560180008561 0.26217848498547974 -0.4605213122291051 0.6573794566306435 -45.308607 111.090941 -961.962706
p 7.76 0.535855473924873 0.26354269220337034 -0.45963050005221684 0.65737641424073 -44.89593 111.058399 -962.098555
p 7.792 0.5365169026544699 0.264491570635115 -0.45950346956253724 0.6565445529436674 -44.487742 111.535124 -964.904471
m 7.792 -518.3402757979679 -573.4288451969945 599.9686479656762 581.384965990902
p 7.828 0.5360016212607518 0.2692707072757957 -0.4585853968801925 0.6556635951461695 -44.123437 111.470021 -963.615383
p 7.86 0.5356827036327326 0.26625525029786623 -0.45943217251180996 0.6565626398143593 -44.194836 112.255149 -970.824992
p 7.892 0.534999331209451 0.2703930198509791 -0.4581395620523232 0.6563316615858176 -43.723561 111.561896 -964.744855
m 7.892 -533.3571596230552 -620.4727253917124 543.7110740202314 -783.0043499518445
p 7.928 0.5339242728093899 0.26868006881967066 -0.45834246794778194 0.6577674361048896 -43.697791 111.495076 -964.499997
p 7.96 0.5336913071766148 0.2653368678811821 -0.45882867615145956 0.6589736337669362 -43.618431 111.261976 -963.019495
p 7.992 0.5334587160095994 0.2656090986425521 -0.4579416382632318 0.6596686668320696 -43.750284 111.159929 -962.693658
p 8.028 0.5311907425260668 0.264795998676838 -0.45914622444531417 0.6609871405708283 -44.030236 111.220166 -963.073102
m 8.028 -533.3571596230552 -620.4727253917124 543.7110740202314 -783.0043499518445
p 8.06 0.5296258960673397 0.2653120888168353 -0.4579129236006237 0.6628891310015574 -44.168916 112.002523 -967.781849
p 8.092 0.526452185145111 0.26742726285723534 -0.46367136183415614 0.6605599897057042 -43.468908 111.47137 -960.375542
p 8.128 0.5288927801388108 0.26744702760540007 -0.4592460258265818 0.6616927156921103 -43.150421 111.971773 -963.144324
m 8.128 -533.3571596230552 -620.4727253917124 543.7110740202314 -783.0043499518445
p 8.16 0.5296826194045882 0.26756573463274413 -0.45838884002487545 0.6616075120492512 -42.85355 112.268472 -964.650726
p 8.192 0.530343817026231 0.26371524698129456 -0.4627911858683857 0.6595561007222964 -42.552413 112.468192 -964.656479
p 8.228 0.5302627037486535 0.26122934889936544 -0.46332129628233265 0.6602378359349 -42.674077 113.254364 -969.487775
m 8.228 -533.3571596230552 -620.4727253917124 543.7110740202314 -783.0043499518445
p 8.26 0.5272148397424423 0.26731129137211285 -0.46079439367159875 0.6620100074772284 -42.365179 112.858743 -964.521915
p 8.292 0.5237839974164603 0.2699052159880818 -0.46094375187108255 0.6635755420447622 -42.370012 112.81204 -962.442937
p 8.328 0.5231436215190776 0.2668234679432078 -0.4622624771243192 0.6644093241368606 -42.461605 113.011315 -962.485818
m 8.328 -533.3571596230552 -620.4727253917124 543.7110740202314 -783.0043499518445
p 8.36 0.521747427964543 0.2619032071310891 -0.46386169948612743 0.6663473193463001 -42.619318 113.830323 -967.829569
p 8.392 0.5207016288689542 0.26699164137710885 -0.4600293507845961 0.6678008685229452 -42.285814 113.318418 -962.182781
p 8.428 0.5194850847581476 0.26193181074167793 -0.46731481404404174 0.6656904310563582 -42.023754 113.329544 -960.75703
m 8.428 -794.5013795267366 341.7657268621944 -898.5528877165029 -557.5668228271657
p 8.46 0.519966300998908 0.2628885845383854 -0.460473031392013 0.669693399997342 -42.235967 114.947446 -971.911422
p 8.492 0.5187477841249593 0.26395475447769134 -0.4606885802853131 0.6700703321293967 -42.025356 115.272178 -972.784931
p 8.528 0.5181170095973355 0.2672580809499129 -0.4642004989409464 0.66681800365617 -41.340671 114.229269 -962.532165
p 8.56 0.519717696797632 0.26752299070074337 -0.46461382157219694 0.6651755407409385 -41.249824 114.118068 -962.171248
m 8.56 -794.5013795267366 341.7657268621944 -898.5528877165029 -557.5668228271657
p 8.592 0.5189539379089209 0.2685035303908853 -0.46440615236429056 0.6655219755950963 -41.396657 114.363501 -963.649524
p 8.628 0.5188278911111397 0.2698165803365032 -0.46294746069304327 0.666105284470856 -41.584243 114.732421 -963.790794
p 8.66 0.5166033549688281 0.26976431694449476 -0.4624576579350642 0.6681925246513912 -41.85026 114.941841 -962.022103
m 8.66 -794.5013795267366 341.7657268621944 -898.5528877165029 -557.5668228271657
p 8.692 0.513788127968761 0.2705834337994843 -0.4618911696996608 0.6704198311506008 -42.401057 115.131689 -962.394187
p 8.728 0.511401336451525 0.265440143045267 -0.4645555685888929 0.6724566900552035 -43.134039 115.284513 -963.746321
p 8.76 0.5068875497300627 0.2662045559617325 -0.46557828559515013 0.6748607263724864 -43.630473 115.249932 -961.615109
m 8.76 -794.5013795267366 341.7657268621944 -898.5528877165029 -557.5668228271657
p 8.792 0.4998082656378855 0.2643878291983744 -0.47102549145317507 0.6770716357963904 -44.215533 115.40845 -960.584124
p 8.828 0.49834324716780953 0.2661322476284955 -0.4670601631931333 0.6802078726389456 -44.868008 115.875576 -962.819786
p 8.86 0.49666828089754633 0.26219729691428745 -0.4694813832579935 0.6812932555074944 -45.180026 115.819552 -961.212943
m 8.86 -794.5013795267366 341.7657268621944 -898.5528877165029 -557.5668228271657
p 8.893 0.4954212499911829 0.26322705407193686 -0.46920404391158577 0.6819948680158817 -45.507867 115.994525 -961.324795
p 8.928 0.49494698016116595 0.264875667033166 -0.466464872288812 0.6835782691104216 -45.722604 116.436922 -963.176904
p 8.96 0.49492550074354535 0.26184685647376527 -0.46926194307574487 0.6828456999937833 -45.760597 116.604611 -962.07779
m 8.96 -794.5013795267366 341.7657268621944 -898.5528877165029 -557.5668228271657
p 8.992 0.49634191971301267 0.2652821107535276 -0.4667136901271263 0.6822378617461802 -45.606354 116.732019 -960.906982
p 9.028 0.4964672205046136 0.2669836200627938 -0.46652354176342786 0.68161297669572 -45.504532 116.994548 -960.655946
p 9.06 0.49769960947664743 0.265553390823451 -0.46748957005738406 0.6806098368375233 -45.624002 117.56402 -964.470147
m 9.06 -794.5013795267366 341.7657268621944 -898.5528877165029 -557.5668228271657
p 9.092 0.49877205651009543 0.26563754354356106 -0.4655727316765345 0.6811057186663463 -45.564782 117.621871 -965.574671
p 9.128 0.49885372483311874 0.2647909824024426 -0.4676364861157499 0.6799608444609145 -45.207278 116.906314 -961.538188
p 9.16 0.498892173872809 0.2666387652258606 -0.46678581253153856 0.679795189744676 -45.175044 116.823809 -960.432152
m 9.16 -794.5013795267366 341.7657268621944 -898.5528877165029 -557.5668228271657
p 9.192 0.49827098339626785 0.265089380446681 -0.46736142613981946 0.6804610569312546 -45.120866 116.939511 -960.269717
p 9.228 0.49759138824060617 0.26611255719451693 -0.4666368760528111 0.6810557980077697 -45.178507 116.717486 -959.152882
p 9.26 0.4970344499300215 0.26413877550517645 -0.4684904861000467 0.6809583320585777 -45.367202 116.876811 -960.879105
m 9.26 -794.5013795267366 341.7657268621944 -898.5528877165029 -557.5668228271657
p 9.292 0.4971238437636497 0.26954382509301544 -0.46447998829954057 0.6815218265030107 -45.596869 117.264579 -963.559049
p 9.328 0.4952529400696796 0.26797092039568565 -0.46658634313747993 0.6820656126796014 -45.555709 116.789704 -959.711771
p 9.36 0.4952572645787004 0.26794885820646436 -0.46606194823763436 0.6824296667056613 -45.698224 116.860111 -960.245717
m 9.36 -794.5013795267366 341.7657268621944 -898.5528877165029 -557.5668228271657
