m -1 0 0 -300.0 0
m -1 0 0 -300.0 0
m -1 0 0 -300.0 0
m -1 0 0 -300.0 0
m -1 0 0 -300.0 0
p 0.071 0.6396452141617258 0.16337220647691503 -0.4735887071350908 0.5829899790444075 -96.314989 190.194505 -1002.692322
m 0.071 0 0 -300.0 0
p 0.102 0.6361876688525171 0.17007363596838745 -0.4734593497281809 0.5849586815651899 -95.884948 191.088473 -999.809565
p 0.13 0.6360398965473786 0.17056319986983545 -0.473439247497848 0.5849931773458866 -95.813481 190.98656 -999.107714
p 0.166 0.6373880293824163 0.16371424499626583 -0.47266537197429076 0.5861072577123394 -96.796562 192.936367 -1009.370462
m 0.166 0 0 -300.0 0
p 0.198 0.6372105225119874 0.16252124900848886 -0.47371667500095527 0.5857836410618564 -96.830522 192.961654 -1009.696799
p 0.23 0.6380840461882744 0.16331586821910887 -0.47179443178112795 0.5861625944643043 -96.96463 193.269918 -1011.09068
p 0.266 0.6366996937332386 0.17016146083681402 -0.4725917146837347 0.5850776334063639 -95.923401 191.164547 -1000.039547
m 0.266 0 0 -300.0 0
p 0.298 0.6368312178277695 0.1696332512851404 -0.4726637004805362 0.5850294231347809 -95.991413 191.259484 -1000.706304
p 0.33 0.636422619019783 0.17072421179395972 -0.47294948514493884 0.5849257849655849 -95.879107 191.164946 -1000.005997
p 0.366 0.6369623222766007 0.17091631041988767 -0.472213959100371 0.5848768239045429 -95.974097 191.226396 -1000.361317
m 0.366 0 0 -300.0 0
p 0.398 0.6366996937332386 0.17016146083681402 -0.4725917146837347 0.5850776334063639 -95.923401 191.164547 -1000.039547
p 0.43 0.6372105225119874 0.16252124900848886 -0.47371667500095527 0.5857836410618564 -96.830522 192.961654 -1009.696799
p 0.466 0.6366996937332386 0.17016146083681402 -0.4725917146837347 0.5850776334063639 -95.923401 191.164547 -1000.039547
m 0.466 0 0 -300.0 0
p 0.499 0.6374468605303504 0.16868974758230879 -0.4729209894440239 0.5844240093833869 -96.075706 191.437317 -1001.765143
p 0.53 0.636884408664555 0.16919278998515233 -0.4735510021864113 0.5843815532875257 -96.00578 191.383562 -1001.457901
p 0.566 0.6370620064012608 0.17039628624725525 -0.47291903609495134 0.5843501044787204 -95.996345 191.320845 -1000.978069
m 0.566 0 0 -300.0 0
p 0.598 0.6368312178277695 0.1696332512851404 -0.4726637004805362 0.5850294231347809 -95.991413 191.259484 -1000.706304
p 0.63 0.637104583251447 0.17040883530601003 -0.4722533127363382 0.5848376542802931 -96.044701 191.326478 -1001.054767
p 0.666 0.6366996937332386 0.17016146083681402 -0.4725917146837347 0.5850776334063639 -95.923401 191.164547 -1000.039547
m 0.666 0 0 -300.0 0
p 0.698 0.6369623222766007 0.17091631041988767 -0.472213959100371 0.5848768239045429 -95.974097 191.226396 -1000.361317
p 0.73 0.6373880293824163 0.16371424499626583 -0.47266537197429076 0.5861072577123394 -96.796562 192.936367 -1009.370462
p 0.766 0.6368312178277695 0.1696332512851404 -0.4726637004805362 0.5850294231347809 -95.991413 191.259484 -1000.706304
m 0.766 0 0 -300.0 0
p 0.798 0.6372105225119874 0.16252124900848886 -0.47371667500095527 0.5857836410618564 -96.830522 192.961654 -1009.696799
p 0.83 0.6373284082794364 0.16956132599163598 -0.47281942258547033 0.5843827847019525 -96.004487 191.381792 -1001.279695
p 0.866 0.637104583251447 0.17040883530601003 -0.4722533127363382 0.5848376542802931 -96.044701 191.326478 -1001.054767
m 0.866 0 0 -300.0 0
p 0.898 0.6369623222766007 0.17091631041988767 -0.472213959100371 0.5848768239045429 -95.974097 191.226396 -1000.361317
p 0.93 0.6371398982955 0.1683503894308821 -0.47323515731259236 0.5846015937731313 -96.045557 191.328334 -1001.229366
p 0.966 0.6368957921041715 0.16938681545309178 -0.4731613927050566 0.5846282148761606 -95.899522 191.119295 -999.792687
m 0.966 0 0 -300.0 0
p 0.998 0.6373880293824163 0.16371424499626583 -0.47266537197429076 0.5861072577123394 -96.796562 192.936367 -1009.370462
p 1.03 0.636422619019783 0.17072421179395972 -0.47294948514493884 0.5849257849655849 -95.879107 191.164946 -1000.005997
p 1.066 0.6373354689643437 0.17115201540133118 -0.4717350824496797 0.5847877893970644 -96.032615 191.390881 -1001.186362
m 1.066 0 0 -300.0 0
p 1.098 0.6372105225119874 0.16252124900848886 -0.47371667500095527 0.5857836410618564 -96.830522 192.961654 -1009.696799
p 1.13 0.637336057351222 0.16420575737538626 -0.47345116680525984 0.58539171869637 -96.604854 192.473739 -1007.134014
p 1.166 0.6370058869429701 0.16892583287795238 -0.4731632095999521 0.5846402013445473 -95.973 191.224684 -1000.515829
m 1.166 0 0 -300.0 0
p 1.198 0.6371398982955 0.1683503894308821 -0.47323515731259236 0.5846015937731313 -96.045557 191.328334 -1001.229366
p 1.23 0.6350230310784011 0.16523888877196502 -0.47933104014052663 0.5828241369001717 -95.99269 191.218595 -1000.790405
p 1.266 0.6372105225119874 0.16252124900848886 -0.47371667500095527 0.5857836410618564 -96.830522 192.961654 -1009.696799
m 1.266 0 0 -300.0 0
p 1.299 0.637298399495872 0.16455203729203666 -0.47282834891530573 0.5858382043566052 -96.701341 192.79369 -1008.59673
p 1.331 0.6373880293824163 0.16371424499626583 -0.47266537197429076 0.5861072577123394 -96.796562 192.936367 -1009.370462
p 1.366 0.6368312178277695 0.1696332512851404 -0.4726637004805362 0.5850294231347809 -95.991413 191.259484 -1000.706304
m 1.366 501.45191765103243 496.46411445426634 446.5885848779834 329.34679581124374
p 1.398 0.6366996937332386 0.17016146083681402 -0.4725917146837347 0.5850776334063639 -95.923401 191.164547 -1000.039547
p 1.43 0.6373880293824163 0.16371424499626583 -0.47266537197429076 0.5861072577123394 -96.796562 192.936367 -1009.370462
p 1.466 0.6371383287795516 0.16862743166903973 -0.4732571191841274 0.5845061161417796 -96.042115 191.367125 -1001.409319
m 1.466 501.45191765103243 496.46411445426634 446.5885848779834 329.34679581124374
p 1.498 0.6368426022181619 0.16875088071319855 -0.4740845680681596 0.5841219615401403 -95.888132 190.921006 -1000.258967
p 1.53 0.6364564007062856 0.17102978284011933 -0.47118938495583623 0.586218866816269 -95.996776 190.325446 -1001.951634
p 1.566 0.636813748281238 0.1710696420955546 -0.47008014636611706 0.5867096164434485 -96.0039 189.676326 -1003.467431
m 1.566 501.45191765103243 496.46411445426634 446.5885848779834 329.34679581124374
p 1.598 0.6371561817953272 0.17203356591651275 -0.4701311994744533 0.5860144822701276 -95.917732 189.433208 -1003.978434
p 1.63 0.6363719431276021 0.17547992366094683 -0.47011264910529327 0.5858594239206475 -95.725389 188.758202 -1002.459933
p 1.666 0.6378414771712483 0.1741302564589736 -0.46982049729504205 0.5848980716251497 -95.750784 188.23465 -1003.78496
m 1.666 501.45191765103243 496.46411445426634 446.5885848779834 329.34679581124374
p 1.698 0.6373103639515052 0.17179306377689957 -0.4716022475085157 0.5847339398176751 -95.766603 187.378922 -1004.199401
p 1.73 0.6371053680514708 0.1732366505364045 -0.46969467690283917 0.5860651451454021 -95.894188 187.341876 -1006.421135
p 1.766 0.6367774336453829 0.17357870137960005 -0.4703900203957421 0.5857631415495821 -95.68626 186.397162 -1003.936045
m 1.766 501.45191765103243 496.46411445426634 446.5885848779834 329.34679581124374
p 1.798 0.6362505402748198 0.1720874766608559 -0.4710986176460185 0.5862057890574035 -95.572385 185.702404 -1003.664053
p 1.83 0.6353506905638806 0.1706589000537148 -0.47238911432303454 0.586560313122899 -95.441971 184.885282 -1002.890822
p 1.866 0.6352954037296351 0.1736542549376762 -0.47191274836861347 0.5861249708623228 -95.286564 184.383469 -1002.755566
m 1.866 -769.7743564465344 -813.4948536719031 618.3324299484549 698.3377945305995
p 1.898 0.6353595438804709 0.1752015863649979 -0.4714645477275679 0.585955627149655 -95.152578 183.607573 -1002.009432
p 1.931 0.6351802893667277 0.171146289990173 -0.4730625383536025 0.58606037723736 -95.33771 183.434086 -1004.945537
p 1.966 0.6353764632090175 0.17408222747403496 -0.472255847320064 0.5856335126433418 -95.010912 182.517779 -1001.68956
p 1.998 0.6347078067898645 0.1725400236588815 -0.47385977733778645 0.5855190310004148 -95.079341 182.964719 -1002.916074
m 1.998 -769.7743564465344 -813.4948536719031 618.3324299484549 698.3377945305995
p 2.031 0.6347708247863948 0.17037763201608003 -0.4746252320298154 0.5854640533062592 -95.033496 183.03744 -1003.62632
p 2.066 0.6342566515220791 0.17321142748185378 -0.47197534197176527 0.5873292760998855 -94.840749 182.403724 -1002.907182
p 2.098 0.632075351520687 0.17313125679829403 -0.4739011721930695 0.5881529774980205 -94.734606 182.295937 -1003.350488
m 2.098 -769.7743564465344 -813.4948536719031 618.3324299484549 698.3377945305995
p 2.13 0.6330349516416925 0.1753884200423154 -0.47128795847099764 0.5885516258364236 -94.52502 182.386888 -1002.697967
p 2.166 0.6331636834184349 0.17699175258278432 -0.4705828963394474 0.5884975082403014 -94.163075 181.686261 -1000.199697
p 2.198 0.6344590215293656 0.17751776896246257 -0.46950746997331905 0.5878023439575898 -94.024868 181.478783 -1000.689873
m 2.198 -769.7743564465344 -813.4948536719031 618.3324299484549 698.3377945305995
p 2.232 0.6354571189309315 0.1797635066110826 -0.4664154215450919 0.5885031245367904 -94.100633 181.73272 -1003.321628
p 2.267 0.63539849700798 0.17749176387898133 -0.4686413351655445 0.5874868318980488 -93.734818 181.338456 -1001.39618
p 2.298 0.63440641547828 0.17587582230845208 -0.47058635082516936 0.5874901181745068 -93.602361 181.412184 -1002.023801
m 2.298 -769.7743564465344 -813.4948536719031 618.3324299484549 698.3377945305995
p 2.33 0.6354459064310667 0.1770355255443032 -0.4689132418422838 0.5873564472170982 -93.466978 181.255405 -1002.464026
p 2.366 0.6348655369446352 0.17759154252191245 -0.4687756425278343 0.5879252822516184 -93.330567 180.992068 -1002.711178
p 2.398 0.6334058730387648 0.17763333873147408 -0.4711161716395029 0.5876161176314528 -93.015784 180.713988 -1001.57343
m 2.398 -683.9378483237858 357.1527851927133 -610.3043888140214 -440.3378369408341
p 2.43 0.6333109425866571 0.1776962822406963 -0.4701446477205921 0.588477120698107 -92.864157 180.68542 -1001.659972
p 2.466 0.6339092995058521 0.1771495544986295 -0.4700266272040222 0.5880920193008755 -92.566798 180.339306 -1000.16586
p 2.498 0.6332004027162332 0.17714454936988996 -0.4694627462724751 0.5893059265270643 -92.819292 180.716377 -1002.973239
p 2.531 0.6330051342603787 0.17791680336304233 -0.4697809447429838 0.5890295825730685 -92.870747 180.673063 -1002.62122
m 2.531 -683.9378483237858 357.1527851927133 -610.3043888140214 -440.3378369408341
p 2.567 0.6323485984803002 0.18018146995790252 -0.47055413851647815 0.5884289945359813 -92.956112 180.608564 -1001.817072
p 2.598 0.6331198543719821 0.18020047738539033 -0.46808949040773407 0.5895585921409039 -93.360189 180.991067 -1003.788898
p 2.63 0.6316975146381375 0.1831497628517266 -0.4680784602570108 0.5901835789453205 -93.31506 180.394284 -1000.523013
m 2.63 -683.9378483237858 357.1527851927133 -610.3043888140214 -440.3378369408341
p 2.666 0.6309855386615448 0.18344952920084184 -0.4665063332899796 0.5920939975779653 -93.761336 180.830583 -1002.252808
p 2.698 0.6305884156880779 0.18603695704113454 -0.46547913456309564 0.5925184172504997 -93.718139 180.37827 -999.277718
p 2.73 0.6294011042252786 0.1878313355447906 -0.4640752900481944 0.594312986565899 -93.918162 180.540581 -999.458678
m 2.73 -683.9378483237858 357.1527851927133 -610.3043888140214 -440.3378369408341
p 2.766 0.6277555256626579 0.1898059756211999 -0.4644805789518272 0.5951090587464702 -93.958305 180.553715 -998.350546
p 2.798 0.6280981213154518 0.19161735390632378 -0.4634180395101261 0.5949950132270938 -94.131598 180.676613 -998.020585
p 2.83 0.6276736811433151 0.1948994416607823 -0.4604398888823443 0.5966866402902209 -94.449423 181.067776 -999.380517
m 2.83 -683.9378483237858 357.1527851927133 -610.3043888140214 -440.3378369408341
p 2.867 0.6253299129259691 0.19434501290902992 -0.4623171609483294 0.5978756049756752 -94.941362 181.610583 -1002.107351
p 2.898 0.6251205883667565 0.19655007735549726 -0.46005723591888953 0.5991160057269946 -94.9405 181.086668 -998.761582
p 2.93 0.6247339433710962 0.1973916277616898 -0.46086978793942845 0.598617625900079 -95.309572 181.186927 -998.945563
m 2.93 -472.81393428641474 -801.672997905521 748.2277452935934 706.4420324563409
p 2.966 0.6232738162316784 0.1962877258981859 -0.46245725793951636 0.5992779421703802 -95.609454 181.444775 -999.914785
p 2.998 0.6224447766669746 0.19675118916697593 -0.46364233554232975 0.599071618845805 -95.834949 181.423707 -999.423182
p 3.03 0.6211616134308365 0.19868742261508388 -0.46285257134939245 0.6003743501473212 -95.7334 181.306948 -997.72057
p 3.066 0.6223027800034321 0.19801092644856963 -0.4611211924819256 0.6007481599197391 -95.572238 181.022032 -996.674152
m 3.066 -472.81393428641474 -801.672997905521 748.2277452935934 706.4420324563409
p 3.098 0.623522453485037 0.19870495329800222 -0.45886879999401037 0.6009787585123308 -95.440076 180.698862 -996.211201
p 3.131 0.6234578975359923 0.19984067968728753 -0.4579322856095795 0.6013834317951755 -95.452921 180.770632 -997.763212
p 3.167 0.6210905731050826 0.2030122585336148 -0.4586843084346737 0.6021967909287838 -95.355623 180.937503 -999.11421
m 3.167 -472.81393428641474 -801.672997905521 748.2277452935934 706.4420324563409
p 3.198 0.6192172478217964 0.20858753604546085 -0.45505798004046066 0.6049653838256892 -95.686497 181.604258 -1003.867469
p 3.23 0.6180529912556042 0.20902900208854633 -0.45524534947786915 0.6058622889912347 -95.515207 181.538498 -1004.15755
p 3.266 0.6177671486895366 0.20945229974510554 -0.45568666219490744 0.6056760233912021 -95.468569 181.527232 -1004.087211
m 3.266 -472.81393428641474 -801.672997905521 748.2277452935934 706.4420324563409
p 3.298 0.617331151004062 0.20805203137911132 -0.45605830767180494 0.6063228777475659 -95.201941 181.058098 -1001.895905
p 3.33 0.6169021397272018 0.2047541123067859 -0.4570185963768481 0.6071586980807553 -95.344199 181.438843 -1004.253381
p 3.366 0.6163716411386883 0.2078810760392679 -0.45566259258966274 0.6076536865130131 -94.901304 180.759232 -1000.617752
m 3.366 -472.81393428641474 -801.672997905521 748.2277452935934 706.4420324563409
p 3.398 0.616496755871432 0.20905827771602783 -0.4543211255087467 0.608126882144025 -94.811067 180.793382 -1000.95123
p 3.431 0.61591091076551 0.20750931306144516 -0.45261943753117695 0.6105156499543809 -95.288446 182.247329 -1008.635194
p 3.467 0.6146511205553928 0.21238226960693476 -0.4547986502447244 0.6084866479411131 -94.202517 180.496336 -998.865707
m 3.467 887.05640151017 752.2443612444926 -451.5541528571991 -367.0103719252936
p 3.498 0.6147991541959048 0.21076435957280162 -0.4519724012363498 0.6109999459763442 -94.907974 182.245894 -1008.580138
p 3.53 0.6138028999605655 0.21166892500564438 -0.4571276056500003 0.6078461832356447 -93.954127 180.52538 -999.919756
p 3.566 0.6137919028465593 0.21260422204139462 -0.4570168630427909 0.6076139132340961 -93.981833 180.604482 -1000.34155
p 3.598 0.6123540642471477 0.21116378178852316 -0.45925840362593773 0.6078766709218159 -93.971927 180.299665 -998.748364
m 3.598 887.05640151017 752.2443612444926 -451.5541528571991 -367.0103719252936
p 3.63 0.6143687817589693 0.20991992729636638 -0.4580347477850859 0.6071971934054964 -94.293245 180.610461 -999.928349
p 3.666 0.6134881824452694 0.21529265563608985 -0.4520726852383049 0.6106649821790531 -94.416632 180.869858 -999.356878
p 3.698 0.6139580604569013 0.21820179362138084 -0.4496536779638542 0.6109460469023861 -94.298849 180.693221 -995.987951
m 3.698 887.05640151017 752.2443612444926 -451.5541528571991 -367.0103719252936
p 3.73 0.6156500629416032 0.21292655989289527 -0.4569235299935036 0.6056878289239617 -93.724527 179.919443 -989.432199
p 3.767 0.6160669606463245 0.21433019206463066 -0.45496515460907827 0.6062429473708025 -94.311201 180.926378 -994.23501
p 3.798 0.6160346986980522 0.2123431525471856 -0.45379627250026505 0.6078492831514004 -95.154787 182.352869 -1001.228829
m 3.798 887.05640151017 752.2443612444926 -451.5541528571991 -367.0103719252936
p 3.83 0.6176858020061655 0.21187632866894626 -0.454277885437294 0.605973941418624 -95.282845 182.28696 -1000.092499
p 3.866 0.6172201795145716 0.21019970556056175 -0.45623305806603487 0.6055630752286122 -95.593707 182.489769 -1000.571128
p 3.898 0.6182501516376684 0.20117099796991333 -0.4563298516833082 0.6075028837520084 -97.041789 184.829208 -1013.008333
m 3.898 887.05640151017 752.2443612444926 -451.5541528571991 -367.0103719252936
p 3.93 0.6177845498229945 0.2047679891577817 -0.45608456877196013 0.6069591738858394 -96.907299 184.133916 -1008.295817
p 3.966 0.6137452647475172 0.20932096323846985 -0.4643893262740696 0.6031952851844754 -95.181075 181.567642 -989.02945
p 3.998 0.6166287375722932 0.20703949106010078 -0.4595463732612331 0.604748412258812 -96.063914 182.957699 -995.656336
m 3.998 -889.9439974791475 387.00769006451924 399.91823450816196 752.9837340639093
p 4.03 0.6192925399195439 0.2047788271702347 -0.455032931668465 0.6062074476930935 -97.089738 184.6344 -1003.830648
p 4.067 0.620018951323264 0.2039901356725745 -0.4537978224689837 0.6066564565441642 -97.733171 185.695343 -1008.693942
p 4.098 0.6204288839182134 0.20476883538637336 -0.4575818556465273 0.6031223073252779 -96.969801 184.326372 -1000.390511
p 4.13 0.6190520979691451 0.20910921782620634 -0.4548332861219604 0.6051235448985928 -97.109022 184.514538 -1002.230079
m 4.13 -889.9439974791475 387.00769006451924 399.91823450816196 752.9837340639093
p 4.166 0.6169872364968338 0.21328480107169168 -0.4568182019458135 0.6042791129957407 -96.261799 182.760548 -994.526623
p 4.198 0.6112526073564022 0.22086940550468956 -0.4524761885207575 0.6106162092530348 -96.596764 182.721215 -998.301483
p 4.23 0.6069921107245032 0.2240703018543811 -0.45174266023918547 0.6142324478566726 -96.733482 182.688192 -999.288314
m 4.23 -889.9439974791475 387.00769006451924 399.91823450816196 752.9837340639093
p 4.266 0.6048382083107566 0.22378897005458206 -0.45397459442244 0.6148135896351024 -96.644044 182.257147 -997.720894
p 4.298 0.6049831302566945 0.22169425327827635 -0.4544393825429181 0.6150869857182804 -96.462724 181.110256 -994.98789
p 4.33 0.6015255784386198 0.22769374366073947 -0.4513136249784981 0.618577602245668 -96.176747 179.887598 -991.446734
m 4.33 -889.9439974791475 387.00769006451924 399.91823450816196 752.9837340639093
p 4.367 0.5995029502932846 0.22857264402570732 -0.4519324223617072 0.6197646730816463 -96.353317 180.076217 -993.231649
p 4.398 0.5972784915723015 0.23031115841150113 -0.44855540042888703 0.6237094676209429 -97.184727 181.852074 -1004.075333
p 4.43 0.5912750986499592 0.23510209017433395 -0.4522298064778032 0.6249869998647972 -96.79717 180.761113 -1000.070418
m 4.43 -889.9439974791475 387.00769006451924 399.91823450816196 752.9837340639093
p 4.466 0.5872081513145387 0.23935681543192963 -0.45319703361197083 0.6265039904102766 -96.465097 179.381962 -996.240992
p 4.498 0.5874312311839066 0.23258933996069667 -0.45541322305128873 0.6272363988162677 -97.106252 180.137074 -1002.775612
p 4.53 0.584380750902454 0.23744732274560137 -0.4609810374202582 0.6241910765142353 -95.996005 177.705516 -990.686716
m 4.53 800.3650741081844 484.11926909389734 -533.0483332366842 -763.4471316862503
p 4.566 0.579398542308032 0.23901456284350672 -0.45756355601532694 0.6307178449988553 -96.449751 177.517426 -992.626897
p 4.598 0.5767818003081846 0.2365102055887143 -0.455369392010929 0.6356290191613344 -97.620849 179.0413 -1002.51252
p 4.63 0.5744290054803263 0.2403804465181749 -0.4553018666808106 0.6363558359911535 -97.367947 177.996837 -997.786357
p 4.667 0.5754895777978223 0.24174547070004296 -0.45350039038759743 0.6361670378131832 -97.413359 177.829632 -996.889583
m 4.667 800.3650741081844 484.11926909389734 -533.0483332366842 -763.4471316862503
p 4.698 0.5780450407756517 0.23709412614814826 -0.4528576693674956 0.6360585664858229 -98.058316 178.709562 -1001.602255
p 4.73 0.5796536099248498 0.23760992980297554 -0.4553421690844686 0.6326187635535323 -97.473404 177.708631 -996.525912
p 4.767 0.5801472491233234 0.23954768270777047 -0.4554949713295941 0.6313242035594707 -97.641275 177.841586 -997.763272
m 4.767 800.3650741081844 484.11926909389734 -533.0483332366842 -763.4471316862503
p 4.798 0.5785720963162703 0.24095879945783324 -0.4576425867502594 0.6306793955727426 -97.393243 177.560019 -995.880937
p 4.83 0.5800601220448772 0.2433496121282247 -0.45633951335968925 0.629337349916561 -97.665782 178.047161 -997.677
p 4.867 0.5812514415111347 0.24382486038885345 -0.4546817101995562 0.6292539233091837 -97.816396 178.052118 -997.76633
m 4.867 800.3650741081844 484.11926909389734 -533.0483332366842 -763.4471316862503
p 4.898 0.581841186478386 0.2422508532819509 -0.45375843292156554 0.6299833331128689 -98.067134 177.879819 -996.816538
p 4.93 0.5828372445529284 0.240936036593421 -0.4522851967136883 0.6306258795831328 -98.482315 178.032797 -997.068867
p 4.966 0.5836460314795514 0.23581391433124108 -0.4503434265051878 0.633198428614601 -99.582511 179.378566 -1004.25265
m 4.966 800.3650741081844 484.11926909389734 -533.0483332366842 -763.4471316862503
p 4.998 0.5816854082737432 0.23801525974891732 -0.45317891900922175 0.6321548465368275 -99.042428 177.732859 -995.056258
p 5.03 0.5802448539926788 0.2350988252438731 -0.4588217154137869 0.6304976209312767 -99.28509 177.964732 -996.407833
p 5.066 0.5822681698062178 0.23956479706141628 -0.4544650987819147 0.6301061418523072 -99.522807 178.035168 -996.699175
m 5.066 407.47931871115003 413.1276930171838 733.0267932273741 569.3655021828188
p 5.098 0.5818098788426127 0.24059086949819078 -0.45623957871812637 0.628854911724477 -99.766201 178.195184 -997.677847
p 5.13 0.5817818082459457 0.24145735775417793 -0.4564806128626189 0.6283738934742594 -100.006804 178.143618 -997.498091
p 5.167 0.5813909992549927 0.24323315248183516 -0.4551295745277005 0.6290302059519876 -100.276575 178.155593 -997.560515
m 5.167 407.47931871115003 413.1276930171838 733.0267932273741 569.3655021828188
p 5.198 0.5814260936003598 0.24098060474663816 -0.45440705115163216 0.63038579457345 -100.279442 177.951741 -996.583813
p 5.23 0.5810456304290396 0.23583927132111032 -0.45523989974314216 0.6320777246510115 -100.595264 177.701521 -997.519481
p 5.266 0.5791654341996542 0.2396657597994571 -0.4520277057759383 0.6346640843785002 -100.705145 176.837978 -996.557371
p 5.298 0.577766042871254 0.23400755553278665 -0.45608638072148444 0.6351472270269312 -101.348183 177.302981 -1002.129419
m 5.298 407.47931871115003 413.1276930171838 733.0267932273741 569.3655021828188
p 5.33 0.5762157469878876 0.23983161565174219 -0.45728274079159403 0.6335205205831931 -100.77052 175.944555 -996.243277
p 5.366 0.576105622912987 0.2404412329074662 -0.45674966743837114 0.6337744078140108 -101.022357 175.99997 -999.871542
p 5.398 0.5755229102154668 0.244223699967274 -0.45610598109610484 0.6333210086520105 -100.871079 175.183789 -998.752228
m 5.398 407.47931871115003 413.1276930171838 733.0267932273741 569.3655021828188
p 5.431 0.5755287936512881 0.23837826448633428 -0.46119599706346875 0.6318550071021041 -101.003396 174.885312 -999.783775
p 5.467 0.5763710882539064 0.23952961939405565 -0.45920871784385253 0.6320992801767773 -100.807602 174.203866 -997.704888
p 5.498 0.5757364236993483 0.2359687474893765 -0.45877202416415497 0.6343297643970367 -101.761399 175.04284 -1005.469229
m 5.498 407.47931871115003 413.1276930171838 733.0267932273741 569.3655021828188
p 5.53 0.5744250525355881 0.238774935071312 -0.4574844784285005 0.6353975133725344 -101.390463 173.607717 -1000.029845
p 5.566 0.5747829808255412 0.23353224611273782 -0.4570078169680607 0.637362730319243 -102.032869 174.042663 -1005.062905
p 5.598 0.5740281396509845 0.2331464719830178 -0.4579021288505767 0.6375423515343903 -102.223623 173.691337 -1005.831153
m 5.598 540.7823458378907 842.9403219476967 745.5841197090017 588.9531567363986
p 5.63 0.5722997324347151 0.24192591736304234 -0.45537434833807566 0.6376352797642239 -101.580101 171.952192 -999.023771
p 5.666 0.5733201623819612 0.2411932451065212 -0.458304416171737 0.6348913292839964 -101.32286 171.27988 -997.744418
p 5.698 0.5744472605576633 0.23919860923163946 -0.4601357335208332 0.6333000868466702 -101.367561 171.312735 -998.536738
m 5.698 540.7823458378907 842.9403219476967 745.5841197090017 588.9531567363986
p 5.731 0.5754637787396498 0.23964968217715352 -0.45915538490486124 0.6329186361610787 -101.295952 171.426187 -999.553481
p 5.767 0.574054462314305 0.23909988545223754 -0.45999246790959275 0.6337978778759046 -101.22694 170.947634 -999.131788
p 5.798 0.5745195472210763 0.24398601437037548 -0.4542170610555314 0.63567680467357 -101.318184 170.697089 -1000.299759
m 5.798 540.7823458378907 842.9403219476967 745.5841197090017 588.9531567363986
p 5.83 0.5756574872619634 0.2440306281124066 -0.45268008502923684 0.6357265528511453 -101.250506 170.401591 -999.553716
p 5.867 0.5762280239807073 0.241023599575375 -0.4534013851235384 0.6358433376233489 -101.116987 169.820841 -998.357612
p 5.898 0.5766902045617194 0.23891775237094226 -0.4564929652310465 0.6340037460457155 -101.14433 169.377764 -998.684826
m 5.898 540.7823458378907 842.9403219476967 745.5841197090017 588.9531567363986
p 5.93 0.577551479778923 0.23825843812246156 -0.4568554333490225 0.6332063249842028 -101.058333 169.080775 -998.590719
p 5.966 0.5778865005795892 0.2344190788779579 -0.4578176818623352 0.6336386983131633 -101.712279 170.150653 -1006.533722
p 5.998 0.5791236156113428 0.2379417949828623 -0.4582175892697276 0.6309011412257867 -101.316098 169.351568 -1004.124532
m 5.998 540.7823458378907 842.9403219476967 745.5841197090017 588.9531567363986
p 6.03 0.5763810998273808 0.235622656044399 -0.4651018228897771 0.6292433948799145 -100.850763 168.110682 -999.88518
p 6.066 0.5787152213797756 0.2406685002161475 -0.4549623161349907 0.6325952497450483 -101.001297 168.268561 -1002.52836
p 6.098 0.5802988141010438 0.2385285240131843 -0.4543108120049921 0.6324233155094774 -100.94473 168.06873 -1002.95203
m 6.098 691.2085442026817 897.2222000895035 745.5886610301425 -409.1321697358322
p 6.13 0.5821532655254549 0.23816973102776318 -0.4543457292561337 0.63082743282137 -100.655758 167.486123 -1000.905814
p 6.167 0.5818252939743749 0.2369031268013172 -0.45670050367695636 0.6299051515903009 -100.646861 167.091507 -1000.715788
p 6.198 0.582060385946591 0.23616235693801088 -0.45765149685653544 0.6292757742039653 -100.540815 166.866283 -999.597591
m 6.198 691.2085442026817 897.2222000895035 745.5886610301425 -409.1321697358322
p 6.23 0.5838512890917693 0.2367116873716116 -0.4528440053246887 0.6308866776212666 -101.421942 168.345197 -1008.593081
p 6.266 0.5817920219232915 0.23711184725612944 -0.4545897931440269 0.6313824118551291 -101.29037 167.830559 -1006.876891
p 6.298 0.5757273846998546 0.23379991632996616 -0.465554802425469 0.6301862819833512 -100.767786 166.563604 -1001.120577
m 6.298 691.2085442026817 897.2222000895035 745.5886610301425 -409.1321697358322
p 6.33 0.5742157473638282 0.2381372873176747 -0.46146401607345644 0.6329437178770321 -100.626485 166.2109 -999.356862
p 6.366 0.5733922788425416 0.23936797129020562 -0.4604641081741489 0.633953862674564 -100.771768 166.488581 -1000.714892
p 6.398 0.572151802599549 0.23892999428716985 -0.4599485085929688 0.6356119098947093 -100.829575 166.374264 -1000.67928
m 6.398 691.2085442026817 897.2222000895035 745.5886610301425 -409.1321697358322
p 6.431 0.5717818844381103 0.2401451865274856 -0.4585199776618466 0.6365180673005284 -100.896911 166.334054 -1000.829636
p 6.467 0.5702405347919062 0.23441474904697548 -0.45795287671222773 0.6404332517913166 -101.930846 167.889403 -1010.290092
p 6.498 0.5686960918440611 0.23598603113101033 -0.4572716086064315 0.6417148899628246 -102.227209 168.272555 -1012.507098
m 6.498 691.2085442026817 897.2222000895035 745.5886610301425 -409.1321697358322
p 6.53 0.5677539648905517 0.24216708273835824 -0.45767112854520214 0.6399589830606334 -101.126745 166.34482 -1001.21885
p 6.566 0.5675212021138504 0.24064920942086532 -0.45957175546146795 0.6393756720426576 -101.283059 166.382942 -1002.97578
p 6.598 0.5676156760160562 0.24097289309874603 -0.46039246526017497 0.6385790867230151 -101.190594 166.305341 -1002.666532
m 6.598 691.2085442026817 897.2222000895035 745.5886610301425 -409.1321697358322
p 6.631 0.5644317125230917 0.2417772657638586 -0.46269961101841733 0.6394294331667881 -101.112292 166.077754 -1001.627488
p 6.667 0.5627467430434783 0.244276742250592 -0.45997989854422205 0.6419215294722557 -101.474532 166.556547 -1005.317352
p 6.698 0.5605540888846116 0.24545841451390937 -0.46111336259094404 0.6425762600656827 -101.275117 165.887073 -1002.321703
m 6.698 -873.2245799714561 -569.0430346885457 -815.4190514275431 -345.56568404404345
p 6.73 0.5586016395027401 0.24569619186091 -0.460943676471809 0.6443048579670962 -101.435819 165.96187 -1002.925447
p 6.766 0.5584820632035664 0.24350173557071042 -0.46074126219392164 0.6453855436868725 -101.787997 166.487872 -1005.080577
p 6.798 0.5588276474593091 0.24416349670327184 -0.460455083457007 0.6450401150316156 -101.638693 166.617158 -1002.650788
m 6.798 -873.2245799714561 -569.0430346885457 -815.4190514275431 -345.56568404404345
p 6.83 0.5588501526680746 0.2432215837884912 -0.4598452283718507 0.6458113114525017 -101.795517 167.123387 -1003.64726
p 6.866 0.5570162463509134 0.23749281318398974 -0.4660207451741266 0.6451005735542327 -102.245605 167.996695 -1007.482508
p 6.898 0.5568410999079925 0.24643699640621403 -0.4594044909637677 0.6466409359142058 -101.935737 167.83629 -1004.568444
m 6.898 -873.2245799714561 -569.0430346885457 -815.4190514275431 -345.56568404404345
p 6.931 0.5569833757295721 0.24393964833881795 -0.46023859259726685 0.6468720893654324 -102.443978 169.152057 -1009.645232
p 6.967 0.5579749571411659 0.24370443294407035 -0.4598482107171671 0.6463834001581414 -102.37857 169.53602 -1009.535762
p 6.998 0.5570488892803346 0.24526764422729316 -0.4614531147083397 0.645446938175401 -101.759902 168.828409 -1003.328453
m 6.998 -873.2245799714561 -569.0430346885457 -815.4190514275431 -345.56568404404345
p 7.03 0.5573707669293934 0.2380615627652146 -0.4626221644895091 0.6470280133039064 -102.705127 170.738665 -1012.650242
p 7.066 0.55778730130028 0.24657947996782764 -0.45864383604311587 0.6463108772100311 -102.091629 170.115156 -1006.011304
p 7.098 0.5554131600319872 0.24673229238069114 -0.4606250187422026 0.6468873549544774 -101.76271 169.958147 -1002.565784
m 7.098 -873.2245799714561 -569.0430346885457 -815.4190514275431 -345.56568404404345
p 7.13 0.5567874496603823 0.24362694309012733 -0.46115250476066394 0.6465079272522496 -102.113318 170.831789 -1005.329281
p 7.166 0.5577544720115497 0.2442182811244674 -0.46024275177728796 0.6460992570805201 -102.050819 171.117327 -1004.964558
m 7.166 602.1640060772763 -584.0867200345399 -327.37939770163393 536.0105302299667
p 7.198 0.5578027325830556 0.2460783535764584 -0.4584751759268272 0.64660807294682 -102.074535 171.587876 -1005.18523
p 7.23 0.5572809496795352 0.24592074046078824 -0.4598746981898878 0.6461238271415163 -101.858418 171.498495 -1002.793609
p 7.267 0.5562296971208552 0.24544864480889214 -0.46177950498925296 0.645850989005978 -101.643385 171.456357 -1001.201639
p 7.298 0.5575595411131219 0.24662294184014144 -0.4598727768583015 0.6456171466124486 -101.924143 171.549055 -1003.021433
m 7.298 602.1640060772763 -584.0867200345399 -327.37939770163393 536.0105302299667
p 7.33 0.5638472753955133 0.24582525550774398 -0.4591334165909336 0.6409705531457743 -101.82233 171.407326 -1002.253435
p 7.367 0.574156661295143 0.23338907941527437 -0.4585866096595912 0.6368453501439734 -102.496636 173.207591 -1011.858155
p 7.398 0.5807063813103702 0.23749075467588626 -0.45598343712456063 0.631235098834024 -101.447217 172.194445 -1003.870589
m 7.398 602.1640060772763 -584.0867200345399 -327.37939770163393 536.0105302299667
p 7.43 0.5892307843948522 0.2339850563608289 -0.45004247898962024 0.6289034107078765 -102.503849 174.887684 -1017.836893
p 7.467 0.5891441798863233 0.2355569182605262 -0.45775012345032523 0.6228059489118581 -100.997233 172.846648 -1005.15837
p 7.498 0.5915014946029592 0.23566920593187599 -0.45709660188122353 0.6210060386179832 -100.897191 172.82052 -1004.343562
m 7.498 602.1640060772763 -584.0867200345399 -327.37939770163393 536.0105302299667
p 7.53 0.5950312608470399 0.23607152768281256 -0.4535238868494637 0.6201001935171444 -100.996851 172.945327 -1004.523127
p 7.566 0.6026403978213323 0.22373645078298482 -0.45813045061539587 0.6139075663322614 -100.963292 172.934588 -1002.927566
p 7.598 0.6080771118855793 0.21518802492717573 -0.4580140050872062 0.6116859897038677 -101.830456 173.903833 -1008.587272
m 7.598 602.1640060772763 -584.0867200345399 -327.37939770163393 536.0105302299667
p 7.63 0.6096563697534874 0.21025111810711514 -0.4584590651049744 0.6114973425943893 -102.338177 174.538506 -1012.072866
p 7.666 0.6114687908431231 0.21307701355397182 -0.4539873501162024 0.6120451372243717 -102.59744 174.866193 -1013.280483
p 7.698 0.6133573591308741 0.2057629995323346 -0.45861763262871175 0.6091995057000231 -102.951436 175.556966 -1016.565972
m 7.698 602.1640060772763 -584.0867200345399 -327.37939770163393 536.0105302299667
p 7.73 0.6183997493531187 0.20420124706081136 -0.4624484409949216 0.6016852374038297 -101.483383 173.877695 -1002.684015
p 7.767 0.622779856771235 0.1965397542473205 -0.460773573326102 0.6010033014563098 -102.587288 176.061119 -1013.542423
p 7.798 0.6241884731393235 0.19612545772320777 -0.46354508686259777 0.5975362667691384 -101.780522 175.153514 -1006.819378
m 7.798 602.1640060772763 -584.0867200345399 -327.37939770163393 536.0105302299667
p 7.83 0.624499399519327 0.19874718870111388 -0.46263575308859617 0.5970494131571391 -101.557033 174.614025 -1005.031089
p 7.867 0.6191716240268121 0.20317831941625342 -0.46439830063586457 0.5997327487086519 -101.702587 174.324285 -1005.066798
p 7.898 0.6164813460275987 0.20526249628700846 -0.4634337305434215 0.6025340464776541 -101.667747 174.228372 -1003.971073
m 7.898 602.1640060772763 -584.0867200345399 -327.37939770163393 536.0105302299667
p 7.93 0.6173761009303811 0.20386519628849853 -0.4624284120648101 0.6028646872451106 -101.953489 174.419479 -1004.2534
p 7.966 0.61810132664475 0.19627728459759072 -0.46453184554484045 0.6030224882759776 -102.197423 174.509966 -1005.279667
p 7.998 0.6189987883671502 0.1955391549622998 -0.46404816196445386 0.6027140230502575 -102.208304 174.486548 -1005.506979
m 7.998 602.1640060772763 -584.0867200345399 -327.37939770163393 536.0105302299667
p 8.03 0.6183961109192068 0.20489334871731427 -0.45885880423506187 0.6041968786715332 -101.856828 174.323214 -1003.7911
p 8.066 0.6179427562485057 0.20850717756158113 -0.4585384279285097 0.6036671620922527 -101.668102 174.332263 -1003.766876
p 8.098 0.620880221943009 0.20629301026721522 -0.45893956664987057 0.6011030579006872 -101.668108 174.531018 -1005.18278
m 8.098 602.1640060772763 -584.0867200345399 -327.37939770163393 536.0105302299667
p 8.13 0.6219459381650466 0.20324274545942206 -0.45990251314109337 0.6003041857649721 -101.741639 174.772186 -1006.361296
p 8.167 0.6215993484552569 0.20267596855286651 -0.46101480111288623 0.6000022376581462 -101.831814 174.802155 -1006.766333
m 8.167 -474.8595683256904 632.226608637648 432.7476099438957 -766.3694506947859
p 8.199 0.6188865000951306 0.2035231823292942 -0.46308935476205426 0.6009211704292049 -101.692439 174.167544 -1003.652834
p 8.23 0.6171549643322979 0.20311349214474725 -0.46295503805776883 0.6029401390339367 -101.914793 174.235966 -1004.307454
p 8.266 0.6173576759059533 0.20079486307202585 -0.4625888057209561 0.6037901763398249 -101.985682 174.069284 -1003.446693
p 8.298 0.6186640849443258 0.2001502156233026 -0.46131415568706124 0.6036426052331894 -101.986462 174.182777 -1003.630899
m 8.298 -474.8595683256904 632.226608637648 432.7476099438957 -766.3694506947859
p 8.33 0.618108202501795 0.2009183011928067 -0.46170516560839725 0.6036572536811085 -101.799452 173.972868 -1003.367326
p 8.367 0.6135810867358935 0.21186808526247117 -0.45398767338456303 0.610348832608651 -102.736716 175.287165 -1015.218473
p 8.398 0.6079949388735382 0.2293173697637345 -0.44721583121328834 0.6146165471251162 -102.111207 174.973928 -1012.021367
m 8.398 -474.8595683256904 632.226608637648 432.7476099438957 -766.3694506947859
p 8.43 0.6063473199561528 0.22825389671019747 -0.44929098411181795 0.6151264097728205 -102.056571 175.038106 -1012.130534
p 8.467 0.6037354439727645 0.22723020242957925 -0.45469489320878514 0.6141030043893287 -100.978004 172.882199 -1000.945549
p 8.498 0.6001465971538513 0.22941191545679662 -0.4525963220995673 0.6183451705964881 -101.193776 172.569434 -1000.959606
m 8.498 -474.8595683256904 632.226608637648 432.7476099438957 -766.3694506947859
p 8.53 0.5951530585592909 0.23218611779246692 -0.45184633211444125 0.6226696555959669 -101.605085 172.456782 -1001.343115
p 8.567 0.5885367067312339 0.22857533628232726 -0.4587776983909312 0.6252205610822472 -101.704352 172.039637 -999.777231
p 8.598 0.5848406709246557 0.23179479265721362 -0.45415905540327195 0.6308500217959891 -102.82496 173.591853 -1009.244183
m 8.598 -474.8595683256904 632.226608637648 432.7476099438957 -766.3694506947859
p 8.63 0.5801662815275374 0.23077731117243705 -0.45639347850068046 0.633919553255774 -102.990986 173.633182 -1010.31
p 8.666 0.5780262724758043 0.2373228351713308 -0.4576055979301383 0.632582405699052 -101.972356 172.028735 -1001.195484
p 8.698 0.5739102280207441 0.2430661735967366 -0.45731917672549377 0.6343540021155379 -101.650928 171.627012 -998.987941
m 8.698 744.6230716759914 -889.3026829835079 -619.1353382508014 -400.769254173404
p 8.73 0.5704286512765128 0.24279166046686512 -0.4582765748050328 0.6369030538472868 -101.896777 172.060284 -1001.208575
p 8.766 0.5655965337854651 0.24563311022453704 -0.4590216686863805 0.6395809174764363 -101.909411 172.057081 -1001.11394
p 8.798 0.562322618518799 0.24651521286376554 -0.45983610822706283 0.641540528727531 -102.156226 172.172564 -1001.768704
p 8.83 0.5609968326413446 0.24531811454787858 -0.46022802609106916 0.6428775155502018 -102.515203 172.152145 -1001.589663
m 8.83 744.6230716759914 -889.3026829835079 -619.1353382508014 -400.769254173404
p 8.867 0.5637221305572867 0.24108695974962774 -0.4598790103594353 0.6423439499209127 -102.55314 172.010096 -1000.233302
p 8.898 0.5677463334316671 0.23957539346116047 -0.45649880423935146 0.6417760512826884 -102.830773 172.58528 -1002.64149
p 8.93 0.569587145966912 0.2359393456707057 -0.4604199590305421 0.6386832156867753 -102.608711 172.748447 -1001.938109
m 8.93 744.6230716759914 -889.3026829835079 -619.1353382508014 -400.769254173404
p 8.966 0.5701761705814964 0.23670503092679035 -0.46296285181284197 0.6360310527010454 -102.229748 172.782276 -1000.676537
p 8.998 0.5722424388027845 0.23657725954716582 -0.459913178349948 0.6364347963460201 -103.268961 175.279253 -1013.712921
p 9.03 0.5759140653218875 0.24022144124841988 -0.45708037767787923 0.6337933417132117 -102.64546 175.070398 -1010.675787
m 9.03 744.6230716759914 -889.3026829835079 -619.1353382508014 -400.769254173404
p 9.066 0.5786402985944955 0.24278378893992691 -0.4585145293824225 0.6292821306854344 -101.426765 173.491332 -999.83677
p 9.098 0.5825554981968968 0.23719599246915687 -0.4584662032357459 0.6278341739663428 -101.630937 174.063594 -1001.297405
p 9.13 0.58166440766362 0.2378876037147748 -0.4572159548501444 0.6293087477542323 -102.052419 174.513514 -1002.526374
m 9.13 744.6230716759914 -889.3026829835079 -619.1353382508014 -400.769254173404
p 9.167 0.5811194647095114 0.2376794421985052 -0.45650982020470565 0.630402649106109 -102.201737 174.681078 -1002.00263
p 9.198 0.5801628299212126 0.2379470381800847 -0.45508532651702976 0.6322100125749354 -102.552567 175.057879 -1003.092547
p 9.23 0.581244178854013 0.23484068653141985 -0.4550094631623876 0.6324330004039954 -102.772993 175.618984 -1004.913322
m 9.23 316.26741489750964 313.61300433539105 668.7088314811793 -644.4392936674981
p 9.267 0.5872167986187555 0.23238224473359298 -0.45472095431889953 0.6280159233650052 -103.164511 177.023463 -1010.193698
p 9.298 0.5884051618687561 0.22987034741573356 -0.46096691496755776 0.623256768916311 -102.083255 175.872912 -1002.296824
p 9.33 0.590950305454428 0.22788027186711063 -0.4590188825543175 0.6230168537046169 -102.77126 177.562107 -1011.144897
p 9.367 0.5919051184309339 0.2363950944664175 -0.45760479054547915 0.6199705638173476 -101.53173 175.980423 -1001.833843
m 9.367 316.26741489750964 313.61300433539105 668.7088314811793 -644.4392936674981
p 9.398 0.5915008046750013 0.23553382349339821 -0.45716999601402547 0.6210042270387537 -101.92689 176.463671 -1005.585391
p 9.43 0.5855140312056867 0.24522469284185983 -0.45113612025475425 0.6273073409422211 -102.072678 175.374459 -1003.867002
p 9.467 0.5828297929583878 0.24103897546317152 -0.4547061413381383 0.6288495448038425 -102.4569 175.077341 -1003.510799
p 9.498 0.5803544543842708 0.23607071025201323 -0.4570188868061565 0.6313426169679979 -102.90695 174.742644 -1003.085327
m 9.498 316.26741489750964 313.61300433539105 668.7088314811793 -644.4392936674981
p 9.53 0.577967043706447 0.234293813511085 -0.4574069845647369 0.6339081163701882 -103.413624 174.302038 -1003.864372
p 9.566 0.5762845371727051 0.22899541085398642 -0.46302519317337265 0.6332965340186222 -103.681248 173.873159 -1004.300965
p 9.598 0.5750434257238041 0.23540479952246027 -0.46032762393415455 0.6340408109893242 -103.55177 173.506341 -1003.491392
m 9.598 316.26741489750964 313.61300433539105 668.7088314811793 -644.4392936674981
p 9.63 0.5738237306707104 0.2350273291307783 -0.4607024931987881 0.6350133856856877 -104.173088 174.786136 -1011.847634
p 9.666 0.573467768028552 0.24169343738713028 -0.46029429247777404 0.6331253825270317 -103.36707 173.536988 -1006.062172
p 9.698 0.5735251685152855 0.24462708407617967 -0.4593799576393042 0.6326108598498765 -103.276035 173.506446 -1006.407456
m 9.698 316.26741489750964 313.61300433539105 668.7088314811793 -644.4392936674981
p 9.73 0.5717249399408405 0.2477128758108164 -0.456793410703574 0.6349084579685484 -103.298452 173.010101 -1005.133464
p 9.767 0.5701950631842868 0.2470764721260585 -0.4557674368584645 0.6372652508963595 -103.6749 172.65396 -1005.242823
p 9.798 0.5700591411435165 0.23502439989563922 -0.45903404037007567 0.639596357087812 -104.909732 173.444248 -1013.828154
m 9.798 -874.5425821894293 -850.0100051077574 -691.2218289988389 -390.0254223750247
p 9.83 0.5674211622730136 0.23909251964827927 -0.45930538872152854 0.6402396035860325 -104.523007 171.725611 -1005.720685
p 9.866 0.5642524682094399 0.23919788030486325 -0.4609022261454504 0.6418514236176468 -104.607529 171.260791 -1004.540917
p 9.898 0.5631791479084272 0.23518571305908692 -0.4640432817549313 0.6420128503386829 -105.105964 171.963787 -1009.403898
p 9.93 0.5660566180380144 0.2377242515091616 -0.46435400746336075 0.6383120318464943 -104.626093 171.587412 -1005.859889
m 9.93 -874.5425821894293 -850.0100051077574 -691.2218289988389 -390.0254223750247
p 9.966 0.5688428671209753 0.23586509534762412 -0.461605583486962 0.638518598006354 -105.52761 174.254123 -1018.300579
p 9.998 0.5695346401901222 0.24482622911234414 -0.45869727332165916 0.636621944328029 -104.209332 172.988512 -1007.476848
p 10.03 0.5684038426249339 0.2433731034852491 -0.4623487122275443 0.6355468118085401 -104.366255 173.671949 -1009.671377
m 10.03 -874.5425821894293 -850.0100051077574 -691.2218289988389 -390.0254223750247
p 10.066 0.5683186723060764 0.239926820909087 -0.46258190711841235 0.6367629072111535 -104.73264 174.38595 -1012.038298
p 10.098 0.5673451681713081 0.2424708456793257 -0.4598955285376962 0.6386107969647867 -104.539678 173.923321 -1006.48076
p 10.13 0.5673856241832329 0.23490715572972812 -0.459080318268667 0.6419791663286278 -106.055414 176.046619 -1017.517904
m 10.13 -874.5425821894293 -850.0100051077574 -691.2218289988389 -390.0254223750247
p 10.167 0.5664975316481562 0.2375086985821956 -0.45800955435846336 0.6425712022803387 -105.978717 175.549801 -1012.881678
p 10.198 0.5636421507293102 0.23585244661446905 -0.4622003260432758 0.6426910221871783 -105.758475 174.998254 -1009.122666
p 10.23 0.5632669388893826 0.23935741061241633 -0.46384370258170177 0.6405368841838852 -105.245536 174.698919 -1004.052772
m 10.23 -874.5425821894293 -850.0100051077574 -691.2218289988389 -390.0254223750247
p 10.266 0.5660968119267339 0.23323226856780963 -0.46250287111551747 0.6412706137037624 -106.476832 177.636689 -1018.174936
p 10.298 0.56775441488293 0.24415987597236352 -0.4586452512895346 0.6385027407928645 -105.147925 176.314767 -1008.358792
p 10.33 0.5688344237489433 0.24635691406871535 -0.45720693006241275 0.6377281944527778 -104.846791 176.630203 -1007.178478
m 10.33 861.5179982994182 450.49377069033505 -615.5084137101717 -700.6433718570859
p 10.366 0.569698067081759 0.24596412155377784 -0.4581564537938699 0.6364261543965647 -104.493301 176.677835 -1004.923498
p 10.398 0.5701708134161141 0.24305587378425417 -0.45802313931995636 0.6372156228467722 -104.872078 177.442385 -1007.068088
p 10.43 0.5677800262484919 0.243897822323119 -0.4581119658986193 0.638962244581008 -105.019791 177.134953 -1005.789632
p 10.467 0.5668988222134209 0.24104580253112454 -0.46067099758298985 0.638987480315538 -105.543242 176.950277 -1006.466414
m 10.467 861.5179982994182 450.49377069033505 -615.5084137101717 -700.6433718570859
p 10.498 0.5665211187432042 0.24017258617941784 -0.46085664259572157 0.6395172007069082 -105.901404 176.860412 -1005.621611
p 10.53 0.5686205784362067 0.2294930339392989 -0.4630195803880141 0.6400128904951836 -107.295616 179.117615 -1016.813676
p 10.566 0.568507634782297 0.2382328186321555 -0.46084704178638974 0.6384857085323055 -106.532902 177.652868 -1007.795385
m 10.566 861.5179982994182 450.49377069033505 -615.5084137101717 -700.6433718570859
p 10.598 0.5696890485812058 0.23944501230710605 -0.46097202082275307 0.6368873526770649 -106.395265 177.477691 -1007.004534
p 10.63 0.5695195714856346 0.24197113700629672 -0.45964371519261105 0.6370439545274722 -106.187089 177.487738 -1005.702235
p 10.666 0.5694301321724399 0.24699784368900954 -0.456302186874232 0.6375966593388017 -106.387176 177.937937 -1007.13557
m 10.666 861.5179982994182 450.49377069033505 -615.5084137101717 -700.6433718570859
p 10.698 0.5709368160383788 0.2460963724056405 -0.4559834661827566 0.6368257218423263 -106.571762 178.215641 -1007.502235
p 10.73 0.5714047367288652 0.2448222364980721 -0.4569028029535026 0.6362381629547225 -106.736224 178.02104 -1006.193638
p 10.767 0.5700204036318216 0.24392014289690717 -0.457958033573944 0.6370671079250599 -107.106786 177.839001 -1005.252975
m 10.767 861.5179982994182 450.49377069033505 -615.5084137101717 -700.6433718570859
p 10.798 0.5675997341130801 0.24318129047434214 -0.4587370580146823 0.638947180915606 -107.737394 178.211306 -1007.167561
p 10.83 0.565854981764913 0.24141507504460533 -0.4602698187180068 0.6400615204806488 -108.179105 178.254439 -1006.90178
p 10.867 0.5663701160350173 0.24090618736271796 -0.4599500208444357 0.6400271478617138 -108.366499 178.114557 -1005.927479
m 10.867 -591.8710032445374 -409.15440837252675 323.7309609836368 372.8824633127018
p 10.898 0.5670593271763729 0.23988819404983872 -0.46057560392812213 0.6393488875410671 -108.543823 178.267621 -1006.016774
p 10.93 0.5691778699651144 0.2389067192253459 -0.4601576639157836 0.6381339984674066 -108.539966 178.460066 -1006.425061
p 10.967 0.569243938587991 0.24117439933486906 -0.45856321957212 0.6383699945956107 -108.439997 178.498327 -1006.098679
m 10.967 -591.8710032445374 -409.15440837252675 323.7309609836368 372.8824633127018
p 10.998 0.5676348022753808 0.24371872023532684 -0.4580762509049066 0.6391856146691663 -107.879868 178.031322 -1004.393894
p 11.03 0.5656640240454919 0.24554771862372315 -0.4583744908988223 0.640018163804747 -107.722125 177.835311 -1005.739782
p 11.066 0.5618583236035449 0.2456313427814758 -0.46018875185722014 0.6420332935292375 -107.559583 177.495466 -1005.557519
m 11.066 -591.8710032445374 -409.15440837252675 323.7309609836368 372.8824633127018
p 11.098 0.5598093211528027 0.2455045166422601 -0.4612117200356547 0.6431368439142637 -107.500803 177.412544 -1005.877731
p 11.13 0.5591092543080632 0.24078779054545935 -0.4639368287310119 0.6435687608950577 -107.284218 176.991709 -1005.156883
p 11.166 0.559391307472907 0.24099709193720498 -0.46192072276375207 0.6446945012949932 -107.397922 177.195464 -1008.525336
m 11.166 -591.8710032445374 -409.15440837252675 323.7309609836368 372.8824633127018
p 11.198 0.5585641029178816 0.24203442075156345 -0.4617736633108265 0.6451282818168802 -107.027544 176.725653 -1007.349627
p 11.23 0.5587889184914834 0.24448190685920362 -0.4608494918878843 0.6446714279382948 -106.672617 176.666476 -1007.52681
p 11.267 0.5591321203615488 0.24453607779171363 -0.4604127239573568 0.6446656109953438 -105.935885 176.268172 -1005.763028
m 11.267 -591.8710032445374 -409.15440837252675 323.7309609836368 372.8824633127018
p 11.298 0.5608179035072439 0.24440175693175442 -0.4603842982028839 0.6432707439329104 -105.398076 176.043339 -1005.530725
p 11.33 0.5608781276042242 0.24760746078243093 -0.45910620500862276 0.6429057084829781 -104.881122 175.754799 -1004.847938
p 11.366 0.5605407904691921 0.24772395120522597 -0.4600315844764913 0.6424933851799566 -104.635151 175.715688 -1005.398849
m 11.366 -591.8710032445374 -409.15440837252675 323.7309609836368 372.8824633127018
p 11.398 0.5584159211171194 0.24629605210581595 -0.46139723921357706 0.643912066978093 -104.471694 175.566383 -1006.327119
p 11.43 0.5575685234042516 0.2440666878843748 -0.4623110438149443 0.6448391272247677 -104.339841 175.425801 -1007.23191
p 11.466 0.5549887085468664 0.24340089156685343 -0.46336006255792367 0.6465609020038251 -104.234025 175.222013 -1007.313691
m 11.466 612.9839132877707 -672.9731796697586 -798.9301266143309 438.23165232674023
p 11.498 0.5540479682250201 0.2412339134083862 -0.4700705713025653 0.6433278713066923 -103.860382 174.502906 -1003.435582
p 11.53 0.5593219564473882 0.24270335352773476 -0.4604767552644411 0.645147657517254 -104.282485 175.330551 -1008.019478
p 11.567 0.5624502620392517 0.24168288035220423 -0.4607858622005583 0.6425848193040355 -103.810657 174.66839 -1005.179705
m 11.567 612.9839132877707 -672.9731796697586 -798.9301266143309 438.23165232674023
p 11.598 0.5698493976077025 0.2415904794278618 -0.45703949116624637 0.6387648237027459 -103.51013 174.739797 -1006.152247
p 11.63 0.5749279823586573 0.23952023055592614 -0.4567956110378239 0.6351582479980875 -103.175377 174.846059 -1007.199959
p 11.666 0.5803618959217958 0.23868448484732957 -0.45838265420100766 0.6293611840588836 -102.693451 174.649966 -1006.335676
m 11.666 612.9839132877707 -672.9731796697586 -798.9301266143309 438.23165232674023
p 11.698 0.5853160814285001 0.24260501919542898 -0.4564651459448828 0.6246501020571437 -102.681493 175.292227 -1009.871252
p 11.73 0.5859072541347911 0.23675130491316584 -0.46017673236473355 0.6236174708906093 -102.368483 175.062436 -1008.923579
p 11.766 0.5908445530223316 0.23113936449796657 -0.45480596247385213 0.625002799993728 -103.660405 177.168995 -1021.263916
m 11.766 612.9839132877707 -672.9731796697586 -798.9301266143309 438.23165232674023
p 11.798 0.5938270809021918 0.22857352173967208 -0.45634759223208915 0.6219891478152976 -102.87634 175.769748 -1013.065205
p 11.83 0.5959115016958719 0.2243014070178701 -0.4568447178851922 0.6211853588100738 -103.057216 175.743005 -1013.473857
p 11.867 0.5982414254479277 0.22159382673012587 -0.45633920483824314 0.6202880379307665 -103.041838 175.528257 -1012.659903
m 11.867 612.9839132877707 -672.9731796697586 -798.9301266143309 438.23165232674023
p 11.898 0.5999898772134341 0.21917248554597502 -0.45909296121892756 0.6174212500392255 -102.715911 174.95542 -1009.997424
p 11.93 0.6043109851630292 0.22432215071602846 -0.45338909034406716 0.6155700610003706 -102.244319 174.508784 -1007.57968
m 11.93 -728.7296079263617 458.58883372413317 -735.6428328504569 -874.1456008943513
p 11.966 0.6075912882220661 0.23047818537660708 -0.45086097437178446 0.6119125754550238 -101.831468 174.402791 -1006.071904
p 11.998 0.6101577664833908 0.21541928533917623 -0.4656877542305851 0.60368607962319 -100.796757 173.444629 -998.576322
p 12.03 0.6137157322409129 0.2125617662165309 -0.4638678545203861 0.6024922950074414 -101.01087 173.913012 -1001.781643
p 12.066 0.6112845082283699 0.2171963270994574 -0.4643144823391542 0.6029667773983576 -100.990461 173.646538 -999.800794
m 12.066 -728.7296079263617 458.58883372413317 -735.6428328504569 -874.1456008943513
p 12.098 0.6066776143130573 0.2259701814588108 -0.45703861813172786 0.6099145431943724 -102.065224 174.611906 -1006.823539
p 12.13 0.6027594398273749 0.22736730466313812 -0.45757738899597916 0.6128684606014572 -102.612841 174.577378 -1007.201677
p 12.167 0.6005999147639081 0.22347467227112217 -0.455545613518811 0.6179134243565194 -103.292151 174.967057 -1008.823662
m 12.167 -728.7296079263617 458.58883372413317 -735.6428328504569 -874.1456008943513
p 12.198 0.6022433018341442 0.22249391047766542 -0.4506260831271707 0.6202709085552861 -104.068255 175.627889 -1011.341378
p 12.23 0.5997902499919362 0.2244092062210792 -0.4498545346274662 0.6225134536698784 -104.147648 175.303091 -1008.89536
p 12.267 0.5989225247367639 0.22977444666892308 -0.44857574621989255 0.6223146310348168 -103.867758 174.793126 -1005.119963
m 12.267 -728.7296079263617 458.58883372413317 -735.6428328504569 -874.1456008943513
p 12.299 0.5974171135492752 0.2335726438356981 -0.4512434621809906 0.6204161909557165 -103.52655 174.533297 -1003.085154
p 12.333 0.5971820010320094 0.23282044519397793 -0.4564728649918872 0.6170903499488547 -103.209467 174.265287 -1000.450578
p 12.366 0.5974564996957522 0.22857029858445055 -0.4623975625692899 0.6139949104023583 -103.166828 174.281885 -999.428781
m 12.366 -728.7296079263617 458.58883372413317 -735.6428328504569 -874.1456008943513
p 12.398 0.5970147831508588 0.2278564080711909 -0.4631132758071523 0.6141510400544805 -103.673429 174.636699 -1000.943068
p 12.43 0.59522177118265 0.22521315618375454 -0.46455443148649006 0.6157755272824669 -104.256011 174.822757 -1001.751296
p 12.466 0.5896092004472088 0.23010447486455096 -0.45607429553569423 0.6256266858119146 -105.866423 177.218556 -1012.331796
m 12.466 414.0443044463623 568.3235977249694 -831.6537619673006 -607.8726903713518
p 12.498 0.5840283726393837 0.2306219427980053 -0.461743077654909 0.6265123701891289 -105.856396 176.287849 -1007.226638
p 12.53 0.5860927250754229 0.2286525026031779 -0.45697222861925313 0.6288002465012239 -106.18005 176.115343 -1005.315785
p 12.566 0.5864221922758048 0.22778377744013856 -0.4574140515175483 0.628487470042164 -106.141668 175.981036 -1004.00472
p 12.598 0.5863997550751678 0.22801133657814757 -0.455506644261591 0.6298096934789111 -106.690889 176.832536 -1009.590437
m 12.598 414.0443044463623 568.3235977249694 -831.6537619673006 -607.8726903713518
p 12.63 0.589284792701134 0.2353304977479062 -0.4524790991341939 0.6265985556957501 -106.726337 177.251076 -1011.165427
p 12.666 0.5906580473150219 0.2326004231302345 -0.4576310254493936 0.6225708794988728 -106.022621 176.600636 -1007.078636
p 12.698 0.5918427101745813 0.23345484476917655 -0.45762179111019585 0.6211308235790588 -106.009379 176.696639 -1007.367565
m 12.698 414.0443044463623 568.3235977249694 -831.6537619673006 -607.8726903713518
p 12.73 0.5920574611475592 0.2343668363640624 -0.4581689707302999 0.6201784017522699 -106.188936 176.849097 -1008.379105
p 12.766 0.591920450461644 0.23308421282643432 -0.458216043614751 0.6207574002780797 -106.416843 176.726248 -1007.628143
p 12.798 0.5905650132310544 0.22883881961276015 -0.4601547673035793 0.6221922934270401 -106.992899 176.823745 -1008.380296
m 12.798 414.0443044463623 568.3235977249694 -831.6537619673006 -607.8726903713518
p 12.831 0.5905157209319105 0.22880265958413484 -0.4566970211976601 0.6247949663689681 -107.372562 176.580416 -1007.229349
p 12.866 0.5916510353593295 0.2270484666365305 -0.45539548851864947 0.6253103229597285 -107.677518 176.475531 -1006.431015
p 12.898 0.593850582746561 0.22254693104743822 -0.4515840258679434 0.62760357710899 -108.932845 178.237473 -1016.428125
m 12.898 414.0443044463623 568.3235977249694 -831.6537619673006 -607.8726903713518
p 12.93 0.593310480420429 0.22284151609640235 -0.4550935340814656 0.6254714222088809 -108.693805 177.959622 -1014.486715
p 12.966 0.5926091265697396 0.23048461117091362 -0.4564190423594217 0.6223929626851512 -107.6273 176.4695 -1005.889013
p 12.998 0.5939211064681872 0.233129387016447 -0.4559580828911042 0.6204923448359375 -107.805581 176.918576 -1008.568907
m 12.998 -454.86054839038775 552.1078341804285 -618.7452623413046 -633.807467707958
p 13.03 0.5946505971451062 0.23248582571273252 -0.45635597057599203 0.6197420834508497 -107.97207 177.147988 -1010.048648
p 13.066 0.5952266914923907 0.23250851544272455 -0.4560795186339557 0.619383766335541 -108.217457 177.165226 -1009.877944
p 13.098 0.5946813133065421 0.23064661607040549 -0.45581919270161914 0.6207938466189883 -108.330049 176.88678 -1008.435713
p 13.13 0.5934833974076194 0.22953134467960815 -0.4560170789362395 0.6222069591381955 -108.557327 176.538753 -1006.223335
m 13.13 -454.86054839038775 552.1078341804285 -618.7452623413046 -633.807467707958
p 13.166 0.590761487103679 0.22880310355734043 -0.4582694951818226 0.6234093759320596 -108.558622 175.891036 -1002.166821
p 13.198 0.5879414748472236 0.23263126453611432 -0.45460858679607546 0.6273264700297606 -109.265134 176.860929 -1005.383398
p 13.23 0.5858167986538634 0.23619103979996572 -0.4520883537170794 0.6298005636707544 -109.681391 177.393878 -1006.991479
m 13.23 -454.86054839038775 552.1078341804285 -618.7452623413046 -633.807467707958
p 13.267 0.5847112528540686 0.23615611032957642 -0.4530217916050103 0.6301700167415138 -110.035959 178.025841 -1009.43573
p 13.298 0.5847447016771254 0.2357798921066219 -0.4558499589793037 0.6282374153136695 -109.995819 178.11559 -1007.774983
p 13.33 0.5858100846834172 0.2382771662196171 -0.45765029083566433 0.624985399829468 -109.821924 178.107916 -1005.736194
m 13.33 -454.86054839038775 552.1078341804285 -618.7452623413046 -633.807467707958
p 13.367 0.582581245057028 0.2340619555297339 -0.4604111462612596 0.6275635425994727 -110.007604 178.176486 -1005.055382
p 13.398 0.5788788716650097 0.23632744426709656 -0.46041382431347894 0.6301331208562204 -110.515229 178.623993 -1006.058857
p 13.43 0.5774588994831307 0.23824848053425104 -0.4586875249864448 0.63196835363806 -110.855387 178.704499 -1005.010757
m 13.43 -454.86054839038775 552.1078341804285 -618.7452623413046 -633.807467707958
p 13.466 0.5761207699552006 0.23676769158723524 -0.45918391238776707 0.6333845593318486 -111.25684 178.789338 -1004.346918
p 13.498 0.5712072969278644 0.23527004534346474 -0.4598533194241829 0.63789144844558 -111.99809 179.514878 -1006.561978
p 13.53 0.5699880931594934 0.23949420665789825 -0.4572693631573064 0.6392659853300503 -111.903558 179.205722 -1003.021246
m 13.53 -782.7031601322425 513.2981330373318 -875.824385552262 -366.79950756636504
p 13.566 0.568594212423409 0.2413188211832269 -0.45706673764230205 0.6399656240767936 -112.073718 179.353962 -1002.136447
p 13.598 0.567114907344665 0.24019373539015546 -0.45728764024403584 0.6415415029442756 -112.693928 180.400154 -1006.151782
p 13.63 0.566170309478817 0.23982105474780108 -0.45933297844314575 0.6410540148848614 -112.727262 180.552037 -1005.692011
p 13.666 0.5657979294923278 0.24043903755384738 -0.46005112872856935 0.6406364023375507 -112.594135 180.375504 -1004.952517
m 13.666 -782.7031601322425 513.2981330373318 -875.824385552262 -366.79950756636504
p 13.698 0.5646176694638931 0.24004857333896168 -0.4618734749921063 0.6405130755886254 -112.689723 180.300132 -1004.221588
p 13.73 0.5640527538345824 0.23834736861116662 -0.4613372083375432 0.6420303731132975 -113.612754 182.013087 -1010.590507
p 13.766 0.5617008525219028 0.24365151018648246 -0.460169409729819 0.6429387606918718 -113.22059 181.386797 -1004.414531
m 13.766 -782.7031601322425 513.2981330373318 -875.824385552262 -366.79950756636504
p 13.798 0.5591023151996296 0.24555832070814038 -0.45653092979286986 0.6470591163100942 -114.343443 182.886426 -1010.970904
p 13.83 0.5542218712473892 0.23749950287433172 -0.46386193745244236 0.6490487269843459 -114.917339 183.216225 -1012.323508
p 13.866 0.5532564447598035 0.2462432890678269 -0.45953887927695053 0.649688771643777 -114.352384 182.045987 -1003.895405
m 13.866 -782.7031601322425 513.2981330373318 -875.824385552262 -366.79950756636504
p 13.898 0.5522463474547988 0.24414312512294997 -0.46013001164680567 0.6509214622364207 -114.778877 182.562968 -1004.593709
p 13.93 0.5490704349558584 0.24539170753221212 -0.46033169759020665 0.6529927258400356 -114.998181 182.903544 -1004.667104
p 13.966 0.5469468828921217 0.2474764158823987 -0.461700497357803 0.6530218219937217 -114.938914 182.873786 -1002.798026
m 13.966 -782.7031601322425 513.2981330373318 -875.824385552262 -366.79950756636504
p 13.998 0.5447362499602436 0.24554187942683595 -0.4649794544302982 0.6532734879053335 -115.16859 183.266523 -1003.003971
p 14.03 0.5435197293533371 0.24504064848796914 -0.4659997575415422 0.65374765773959 -115.489017 183.938535 -1004.568959
p 14.066 0.5437538027279332 0.24350705824151345 -0.4629885865382575 0.6562602380153776 -116.447486 185.693796 -1011.910712
m 14.066 583.2621582337047 -520.1099321226429 -592.9402379666639 -836.8704234025731
p 14.098 0.541300308197802 0.24789479797734 -0.4636320707142719 0.6561916640738437 -115.723051 184.483712 -1003.198976
p 14.13 0.5407083713892595 0.2481203685951018 -0.4627212176461799 0.657236449080542 -116.264459 185.090296 -1004.523965
p 14.166 0.5367547039286538 0.2481326604658867 -0.4644371740983888 0.6592592433936744 -116.433793 185.074989 -1003.018548
m 14.166 583.2621582337047 -520.1099321226429 -592.9402379666639 -836.8704234025731
p 14.198 0.5358234740993749 0.24674763452774692 -0.46470694080772523 0.6603457427741924 -116.819759 185.10146 -1004.025538
p 14.23 0.5372999344086753 0.24670700804981896 -0.4632434886306503 0.660188988093561 -117.072265 184.9771 -1004.255989
p 14.266 0.5418390854867383 0.24501617006423645 -0.46392260854595085 0.6566229892411627 -116.722634 184.674494 -1002.447385
m 14.266 583.2621582337047 -520.1099321226429 -592.9402379666639 -836.8704234025731
p 14.298 0.5471955028073285 0.24380104167138048 -0.46340636252864165 0.6529873658808415 -116.376748 184.971912 -1002.967267
p 14.33 0.5518572648862345 0.24593454737716272 -0.46240547276486493 0.6489612854400484 -116.060555 185.388604 -1003.824775
p 14.366 0.554686432640991 0.24785646079910623 -0.461669524660389 0.6463367930111978 -115.587319 185.277185 -1003.09996
m 14.366 583.2621582337047 -520.1099321226429 -592.9402379666639 -836.8704234025731
p 14.398 0.5556100811623271 0.25002040291510785 -0.46250298815436075 0.6441104330780553 -115.466933 185.329119 -1003.245683
p 14.43 0.5580070369656519 0.24885250126702302 -0.46203286164078483 0.6428265707016163 -115.439013 185.599683 -1003.112811
p 14.466 0.5599295906496816 0.24674914131150247 -0.4618673114899523 0.6420843013187599 -115.404452 185.53297 -1002.300794
m 14.466 583.2621582337047 -520.1099321226429 -592.9402379666639 -836.8704234025731
p 14.498 0.5622994926956644 0.24313128662023048 -0.4614804353725937 0.6416718398059869 -115.666617 185.716756 -1002.930188
p 14.53 0.5654338898268895 0.23531587967078188 -0.4611418122152337 0.6420741779576562 -116.771163 187.11548 -1010.05551
p 14.566 0.567665912007254 0.2345333388148422 -0.4558537996248966 0.6441632168946003 -117.768626 188.810813 -1018.655104
m 14.566 583.2621582337047 -520.1099321226429 -592.9402379666639 -836.8704234025731
p 14.598 0.5671067232425848 0.2402428435855818 -0.45965573740277427 0.639835916466089 -115.919305 186.180534 -1003.397083
p 14.63 0.5705613817695253 0.24060052816587885 -0.45926026772875006 0.63690737160124 -115.785737 186.657767 -1004.942701
p 14.666 0.5752225444100829 0.24208043400381837 -0.4571990805625609 0.6336282427417514 -115.443095 186.91929 -1004.918216
m 14.666 583.2621582337047 -520.1099321226429 -592.9402379666639 -836.8704234025731
p 14.698 0.5788360748130535 0.2433663430094287 -0.45716262768993726 0.6298601035150583 -114.964733 187.079555 -1004.245091
p 14.73 0.5805711536332452 0.24451715438557137 -0.4549436239965844 0.6294241415770451 -114.947345 187.29059 -1005.395286
p 14.766 0.5768806885701147 0.24508378714276643 -0.4562320192559204 0.6316605100843332 -114.994895 187.016646 -1004.515312
m 14.766 583.2621582337047 -520.1099321226429 -592.9402379666639 -836.8704234025731
p 14.798 0.5745970946979554 0.24472810988389226 -0.45694519443805093 0.6333620607519841 -115.32189 187.046284 -1005.333036
p 14.83 0.5732595030668789 0.2413378213925516 -0.45859696717005977 0.6346798405495483 -115.509306 186.741015 -1003.561037
p 14.866 0.574624706399208 0.23756553992198604 -0.4571270668705596 0.6359276688429275 -116.02334 187.023099 -1005.270449
m 14.866 583.2621582337047 -520.1099321226429 -592.9402379666639 -836.8704234025731
p 14.898 0.5737858500221035 0.23549682747640532 -0.4575934669048178 0.637117924720377 -116.233206 186.984434 -1005.904443
p 14.93 0.5734121506065973 0.23935143493247105 -0.45660776771766304 0.6367248228238005 -116.009183 186.890644 -1004.855288
p 14.966 0.573991553134116 0.24025292370376794 -0.45869061126945504 0.634361687052426 -115.726066 186.898506 -1004.491293
m 14.966 583.2621582337047 -520.1099321226429 -592.9402379666639 -836.8704234025731
p 14.998 0.5746891006471709 0.24254448033038312 -0.4576773051356162 0.6335899699332368 -115.526411 187.122829 -1005.836274
p 15.03 0.5774264357894567 0.24414268940009334 -0.4565877269468485 0.6312691581251217 -115.2102 187.156907 -1005.96005
p 15.066 0.5777446271604338 0.24563812757584236 -0.45610372808630395 0.6307479686847989 -114.948338 186.997152 -1004.196732
m 15.066 583.2621582337047 -520.1099321226429 -592.9402379666639 -836.8704234025731
p 15.098 0.5761179762577221 0.24407236676231023 -0.4569381157769741 0.6322376926441511 -115.084081 186.912185 -1003.882372
p 15.13 0.5744857816192366 0.24134715282604702 -0.45746970870930653 0.6343808004660924 -115.603809 187.158414 -1006.01186
p 15.166 0.5741300275860862 0.2405555764224192 -0.457335748111563 0.6350995984883001 -115.775191 186.941657 -1004.890571
m 15.166 822.3908437219841 890.2032120226778 -443.69732809825376 666.8321324016287
p 15.198 0.5740071964433208 0.2372519987655552 -0.45815301628249927 0.6358639791653558 -115.98915 186.929912 -1004.776658
p 15.23 0.5733804029020196 0.23572517253132966 -0.4594231775665547 0.6360807731727159 -116.072578 186.755435 -1004.131693
p 15.266 0.5776023481296779 0.23788738337059517 -0.45627825195614763 0.6337158274810564 -116.338549 187.23105 -1006.323369
m 15.266 822.3908437219841 890.2032120226778 -443.69732809825376 666.8321324016287
p 15.298 0.5827971979119612 0.2361181721568514 -0.4586737075221853 0.6278646350926289 -115.828514 187.149856 -1004.667984
p 15.33 0.5863902351246739 0.23431642915786818 -0.45887707330103994 0.6250393987581904 -115.455134 186.966657 -1003.509152
p 15.366 0.5899225562973917 0.23839906322730206 -0.4572008941858119 0.6213887671981205 -115.089819 186.539008 -1001.1132
m 15.366 822.3908437219841 890.2032120226778 -443.69732809825376 666.8321324016287
p 15.398 0.5913110377939813 0.23848809597111806 -0.4573724528701347 0.6199072511271344 -115.020094 186.261757 -999.57059
p 15.43 0.5917826383471346 0.23593932514710386 -0.4578930436442696 0.6200481836115642 -115.059873 185.845015 -997.463335
p 15.466 0.5945439756686808 0.23131929188782266 -0.45476543028547445 0.6214473026733642 -116.293837 187.139568 -1004.601268
m 15.466 822.3908437219841 890.2032120226778 -443.69732809825376 666.8321324016287
p 15.498 0.5948579375798987 0.22804258674851347 -0.4588574480094418 0.6193470351910955 -115.847505 185.710941 -997.178902
p 15.53 0.595668595502169 0.22396764104718028 -0.45876295210709606 0.6201241811121383 -116.259336 185.784342 -997.696084
p 15.566 0.595778637334775 0.2251579430739251 -0.4592602225346108 0.6192186608945179 -116.49514 185.866603 -998.251432
p 15.598 0.6005722904322436 0.21926545695497393 -0.4629089894747507 0.6139635575504461 -116.658676 186.454581 -999.74749
m 15.598 822.3908437219841 890.2032120226778 -443.69732809825376 666.8321324016287
p 15.63 0.602884868006118 0.22039135101827984 -0.46270968357984865 0.6114384678771855 -116.789942 187.107557 -1002.062981
p 15.666 0.607197934760192 0.22472300453126384 -0.45474960474331155 0.6115662269942643 -117.534371 188.542895 -1009.223221
p 15.698 0.6085116780249713 0.22393829650693617 -0.45400322492542444 0.6111024873128892 -117.489757 188.491251 -1008.64493
m 15.698 -449.2896085933845 312.3252599606957 -553.3920143576321 -448.3924942456858
p 15.73 0.6103389599554767 0.22280592610780064 -0.44977581225607 0.6128180806732125 -118.156368 189.459421 -1013.670993
p 15.766 0.6073936825935372 0.22236067205882806 -0.45466007696401317 0.612301396372734 -117.980641 188.526398 -1008.809273
p 15.798 0.6023541373289174 0.2177556349197222 -0.46231018833313875 0.6132057158898635 -118.31817 188.129362 -1006.038092
m 15.798 -449.2896085933845 312.3252599606957 -553.3920143576321 -448.3924942456858
p 15.83 0.5957849706603439 0.2237410450782194 -0.45772675928788387 0.6208594849078171 -119.351418 189.321263 -1010.158281
p 15.866 0.5929867539003079 0.22272322905074918 -0.4604229074098067 0.6219097603350505 -119.373703 188.56802 -1005.595825
p 15.898 0.5930435251958431 0.21874178734682098 -0.4613412483044096 0.6225879455948373 -120.17803 189.228459 -1008.728084
m 15.898 -449.2896085933845 312.3252599606957 -553.3920143576321 -448.3924942456858
p 15.93 0.5909376519514514 0.22556063196699688 -0.46020070356709203 0.6230010032094652 -119.462758 187.639594 -999.40907
p 15.966 0.5856782830502976 0.22822191524554197 -0.4613440536642969 0.6261449512692727 -120.226007 188.911366 -1004.135078
p 15.998 0.5838719010250618 0.2348290477143401 -0.4575365565058209 0.6281793135721678 -120.189735 188.895641 -1002.093842
m 15.998 -449.2896085933845 312.3252599606957 -553.3920143576321 -448.3924942456858
p 16.03 0.5813100189991335 0.24011125983338774 -0.45635442273398413 0.62941758793348 -120.077125 188.477554 -998.381256
p 16.066 0.5784784499016914 0.23708798658206234 -0.4581312947795309 0.6318761745785324 -121.518317 190.36205 -1006.927918
p 16.098 0.5759444492793471 0.24129675245172644 -0.45658608825905356 0.6337134604850997 -121.306011 189.377103 -1000.258364
m 16.098 -449.2896085933845 312.3252599606957 -553.3920143576321 -448.3924942456858
p 16.13 0.5724421944634657 0.23815013693933101 -0.45916633088207814 0.6362079062696409 -122.128367 189.834801 -1001.656941
p 16.166 0.5677783507361559 0.2403384611209586 -0.45850529443712795 0.6400296868114791 -122.627774 190.071768 -1000.873593
p 16.198 0.5636497894998203 0.2393731143711072 -0.45976824307388997 0.6431267371210748 -123.282918 190.443275 -1001.197508
m 16.198 -374.43330525406304 301.97973998813666 893.0514378446527 556.4300620581115
p 16.23 0.5626429977492741 0.23984192594242137 -0.45877708590528987 0.6445401461507266 -123.788716 190.877785 -1001.622946
p 16.266 0.5602341157707919 0.2426727597994487 -0.4575760866816603 0.646430197314451 -123.960572 191.29063 -1002.21395
p 16.298 0.55937049555897 0.2391012786547755 -0.4609600003225812 0.6461048676492075 -124.106144 191.337068 -1003.699136
m 16.298 -374.43330525406304 301.97973998813666 893.0514378446527 556.4300620581115
p 16.33 0.5585513780951574 0.24313468582947848 -0.4542851414831173 0.6500234611150585 -124.862488 192.395572 -1010.331698
p 16.366 0.5515649975606425 0.24453158932381466 -0.46375479534952707 0.6487771188936922 -123.839259 190.783457 -1001.699544
p 16.398 0.5491774568586036 0.24812009095968252 -0.45903124474684054 0.6527867186148933 -125.017038 192.572137 -1010.262072
m 16.398 -374.43330525406304 301.97973998813666 893.0514378446527 556.4300620581115
p 16.43 0.5427228783977962 0.24821443048914846 -0.4657363184608383 0.6533997627792651 -124.3673 190.909631 -1002.582172
p 16.466 0.5402091156432286 0.24637642927491607 -0.46203231877915946 0.6587856252226517 -126.023532 192.615601 -1012.001734
p 16.498 0.5346219068035795 0.24626855816241483 -0.4667790731558315 0.6600365520181439 -124.942087 190.197859 -999.276255
m 16.498 -374.43330525406304 301.97973998813666 893.0514378446527 556.4300620581115
p 16.53 0.5329692839858675 0.24490186890531632 -0.4655000382103047 0.6627797522556041 -125.183614 190.160541 -998.868908
p 16.566 0.5312142816577041 0.24658107415777789 -0.46402898332500275 0.6645948013639589 -125.443169 190.201772 -998.489119
p 16.598 0.5270324950288842 0.24799470503689716 -0.4653428129603334 0.6664769313337109 -125.389978 189.868843 -996.880038
m 16.598 -374.43330525406304 301.97973998813666 893.0514378446527 556.4300620581115
p 16.63 0.524687758060961 0.2515085204952433 -0.4654807050082189 0.666913787531792 -125.39572 190.212987 -998.003219
p 16.666 0.5221486791639848 0.2524040874665347 -0.46766965493510904 0.6670365432268309 -125.203804 190.144883 -997.714078
p 16.698 0.519638769125946 0.25036805124400946 -0.47143305308205835 0.667114870168549 -125.00196 190.009512 -996.937647
m 16.698 -348.65661097841223 776.9961776153154 791.2833464318571 -452.86452937766614
p 16.73 0.5196359742122034 0.25152861694574913 -0.46950531537514106 0.6680392952514095 -124.970376 190.135347 -997.355109
p 16.766 0.5204785902095526 0.24995661932244356 -0.47032439472414034 0.6673968085030075 -124.857516 189.908709 -996.604484
p 16.798 0.5196094022030623 0.24908347031581446 -0.470333407666268 0.6683934096024586 -125.075172 190.218979 -998.124173
p 16.83 0.5177998371605442 0.24244697651000602 -0.4731648977507499 0.670237271419607 -125.882298 191.109089 -1002.006786
m 16.83 -348.65661097841223 776.9961776153154 791.2833464318571 -452.86452937766614
p 16.866 0.515866625391284 0.2516990395003088 -0.4677555408665272 0.6721112259142827 -125.288295 190.568385 -998.183083
p 16.898 0.5123415257632928 0.25057176360911954 -0.46915576083698207 0.6742499536522045 -125.504261 191.30431 -999.701365
p 16.93 0.5077617473569035 0.25403804435223715 -0.46858063130416455 0.6768120123047463 -125.47387 191.739192 -999.268378
m 16.93 -348.65661097841223 776.9961776153154 791.2833464318571 -452.86452937766614
p 16.966 0.5073735264263025 0.2509001814217985 -0.4669851098518655 0.67937176862157 -126.411442 193.501759 -1006.58903
p 16.998 0.5057895616361998 0.24522223433711998 -0.4719559303455135 0.6791910629565145 -126.498682 193.74784 -1007.193214
p 17.03 0.5050858409142485 0.2480318862245682 -0.47243008801634445 0.6783643932283002 -125.363443 192.198533 -998.481217
m 17.03 -348.65661097841223 776.9961776153154 791.2833464318571 -452.86452937766614
p 17.066 0.5033485802437728 0.2463414194125556 -0.47382080579694663 0.679301111437336 -125.169009 192.634342 -998.32124
p 17.098 0.5013762200986903 0.25079252787325407 -0.4709027315175656 0.6811576542915745 -125.041771 193.460551 -999.084363
p 17.13 0.5013276178605225 0.25225667522969464 -0.47118678855065904 0.68045572964007 -124.734141 194.07852 -999.137365
m 17.13 -348.65661097841223 776.9961776153154 791.2833464318571 -452.86452937766614
p 17.166 0.4996314222000688 0.254716802131086 -0.4713266987192302 0.6806902746477285 -124.428344 194.380188 -998.607751
p 17.198 0.5008847100379415 0.2572198535732115 -0.4654255756476942 0.6828846901197887 -125.175957 196.412467 -1006.603007
p 17.23 0.49999512955218417 0.25039678064753795 -0.47232191097812065 0.6813356368193286 -124.159875 195.351205 -999.530139
m 17.23 -337.5191179780826 542.2950551390503 714.6123815499539 -421.4103185728362
p 17.266 0.4983956717547025 0.25240111617767025 -0.471766354221211 0.6821522923805212 -123.911689 195.487061 -998.049534
p 17.298 0.49802341307265385 0.2483400376517551 -0.4746942849098874 0.6818836044370036 -123.695259 195.781971 -997.16599
p 17.33 0.49610021201366794 0.250818702413248 -0.4731876395736666 0.6834239167603077 -123.789709 196.504727 -999.145881
p 17.366 0.4963169552561065 0.2520252182893004 -0.4716623024159745 0.6838769991745592 -123.941095 196.969287 -1001.321023
m 17.366 -337.5191179780826 542.2950551390503 714.6123815499539 -421.4103185728362
p 17.398 0.4954354334857602 0.25165033028245426 -0.47317311431325126 0.6836102690861219 -123.707266 196.700675 -1000.384888
p 17.43 0.49451230342826413 0.2532181209034992 -0.472736057455821 0.6840021929789407 -122.960944 196.37137 -996.182179
p 17.466 0.4931070836677624 0.25456453306857924 -0.4707929510132517 0.6858545764227282 -123.090998 197.283981 -998.165112
m 17.466 -337.5191179780826 542.2950551390503 714.6123815499539 -421.4103185728362
p 17.498 0.4921455138902801 0.2554638236711542 -0.47059873082028386 0.6863437549799662 -122.988993 198.150748 -999.129819
p 17.53 0.49156209678619966 0.24909113463160312 -0.4741624354170007 0.6866512943263123 -122.797476 198.461323 -998.695072
p 17.566 0.4914548769381529 0.24979192573685882 -0.47550908982487383 0.6855415742316435 -122.428328 198.677531 -997.636953
m 17.566 -337.5191179780826 542.2950551390503 714.6123815499539 -421.4103185728362
p 17.598 0.49150067092287336 0.2526101261749381 -0.47032268625552814 0.688049416829925 -123.235873 200.921257 -1006.588518
p 17.63 0.4905260460148845 0.251189369639581 -0.4747594939033044 0.6862153452087763 -121.546943 199.475809 -996.825137
p 17.666 0.49045145268862594 0.2522809705861612 -0.47462512414032615 0.6859613691746789 -121.271636 200.318679 -997.307459
m 17.666 -337.5191179780826 542.2950551390503 714.6123815499539 -421.4103185728362
p 17.698 0.49182128137109576 0.2516183548671461 -0.4713672600364344 0.6874687265614342 -121.465095 202.053652 -1002.871525
p 17.73 0.49156770635214947 0.24822614817709468 -0.4737237476121981 0.6872634138378093 -121.121408 202.445771 -1002.189316
p 17.766 0.49158567992304025 0.25112024429858165 -0.4731540479401235 0.6865913995965868 -120.253927 202.089859 -998.696433
m 17.766 724.5497250305982 653.301966217218 331.43028275263265 -312.90445408380884
p 17.798 0.4908656914198196 0.24761239530130635 -0.474305913933765 0.6875847220524901 -120.872738 204.165138 -1006.436508
p 17.83 0.49264459430035457 0.24923708155660212 -0.4723704594077537 0.6870576758904597 -120.331364 204.656689 -1005.492691
p 17.866 0.49135853770016463 0.24724942446109607 -0.4739757497860841 0.6875910848753058 -120.052304 205.197925 -1005.524276
p 17.898 0.4903511137279668 0.25100033900015395 -0.47786231316478145 0.6842530599127782 -118.792831 203.367071 -996.60213
m 17.898 724.5497250305982 653.301966217218 331.43028275263265 -312.90445408380884
p 17.93 0.49198423910536165 0.25464663909195645 -0.47372028152068363 0.6846133945519909 -118.307176 202.516693 -994.257523
p 17.966 0.49168602881693085 0.2528513863108165 -0.4731129411917907 0.6859118019104206 -118.391677 202.858307 -997.11671
p 17.998 0.49017386174487865 0.24949666533644904 -0.4708325713962407 0.6897807622716076 -119.388222 204.885088 -1007.1839
m 17.998 724.5497250305982 653.301966217218 331.43028275263265 -312.90445408380884
p 18.03 0.48855817362465415 0.25107423845879084 -0.4744931983136327 0.6878433687984495 -118.235677 203.535494 -998.672517
p 18.069 0.48755826010372877 0.24849922070180402 -0.474512426303523 0.6894729871430787 -119.103945 205.179954 -1006.742714
p 18.098 0.4860929454889681 0.2509261904356115 -0.47821704839933943 0.6870645893946217 -117.851355 203.131187 -997.445557
m 18.098 724.5497250305982 653.301966217218 331.43028275263265 -312.90445408380884
p 18.13 0.4866961906323597 0.25106591981224313 -0.4772305155116283 0.6872726896945637 -117.661279 203.114374 -997.911237
p 18.166 0.4863152721872597 0.24744870651194995 -0.4761061714758691 0.6896297919898762 -118.124471 204.490442 -1004.548366
p 18.198 0.4858411546602739 0.24827155750622237 -0.4763168196502397 0.6895232048307005 -117.055866 203.415233 -998.525623
m 18.198 724.5497250305982 653.301966217218 331.43028275263265 -312.90445408380884
p 18.23 0.4869723214248688 0.2482076413013879 -0.4729022948000339 0.6910967732524874 -117.864972 205.477685 -1008.602465
p 18.266 0.48604644890827586 0.252135117639456 -0.4742492542927322 0.6894011894390667 -116.81194 204.347475 -1003.215698
p 18.298 0.48654280687798707 0.25045123345932885 -0.47577551242532334 0.6886130989169462 -116.509128 204.66098 -1005.269711
m 18.298 764.6516769894602 795.0131456314821 -795.3156434113744 421.2166185134085
p 18.33 0.4879899659523161 0.25095372721830495 -0.47321673656893326 0.6891688835111462 -116.318445 205.341189 -1008.616528
p 18.368 0.48878328963451 0.24732151226522253 -0.4742714316274046 0.689195001432831 -115.985652 205.545681 -1009.885365
p 18.398 0.49082952265096114 0.25243931639112616 -0.47503895612026237 0.685345898068997 -114.419749 203.793547 -1001.073225
p 18.43 0.4917883058527256 0.2541468915617777 -0.47590359928574993 0.6834246483702502 -113.831715 203.335427 -998.993795
m 18.43 764.6516769894602 795.0131456314821 -795.3156434113744 421.2166185134085
p 18.466 0.49475511178162895 0.2547546741218884 -0.47475379204595924 0.6818550065813113 -113.92026 203.66873 -1001.56851
p 18.498 0.49632426124199347 0.25530434759105813 -0.47371555911093943 0.6812310547824432 -113.806265 203.215924 -1001.343855
p 18.53 0.4971117174570127 0.255783754240401 -0.47307661971029963 0.6809208838036912 -113.500225 202.234823 -998.212496
m 18.53 764.6516769894602 795.0131456314821 -795.3156434113744 421.2166185134085
p 18.566 0.49652743754057355 0.2577375573470456 -0.47162954423410364 0.6816138936377397 -114.027253 202.363591 -999.839944
p 18.598 0.4960553413331411 0.2524496083447498 -0.4747892626473204 0.6817429867626069 -114.43492 202.1135 -999.599778
p 18.63 0.4927871237480284 0.2531075868981348 -0.4753771136664137 0.6834573871134908 -115.112823 201.857633 -1000.144831
m 18.63 764.6516769894602 795.0131456314821 -795.3156434113744 421.2166185134085
p 18.666 0.4910758936430021 0.2471861359808364 -0.4757540883551034 0.6865868481117301 -117.094723 203.799656 -1011.583751
p 18.698 0.4880121952722742 0.2521401569472125 -0.47785118556436607 0.6855125819414257 -116.375458 200.887257 -999.23634
p 18.73 0.4840829084362737 0.254434323321696 -0.4757792615371395 0.6888840613630133 -117.029097 200.717331 -999.145975
m 18.73 764.6516769894602 795.0131456314821 -795.3156434113744 421.2166185134085
p 18.766 0.4828741103362144 0.24358784429871455 -0.47830478999255027 0.6918972105739407 -118.776676 202.162878 -1008.091043
p 18.798 0.4818769874595811 0.2518701332130617 -0.47496944722256046 0.6919250320663359 -118.110841 200.017311 -998.684572
p 18.83 0.4833834181902083 0.2513465894899006 -0.4757997036138894 0.6904927588324153 -118.542726 199.909573 -1000.015083
m 18.83 -419.63408904170893 707.4320441142045 -619.1630600805114 878.3113603259787
p 18.866 0.48255499994833606 0.2524606956009644 -0.47636328052234633 0.6902767560913522 -118.369787 199.078252 -997.587281
p 18.898 0.4848389490290654 0.25154724899434583 -0.47735120660717134 0.6883249595939407 -118.475856 199.138119 -999.221382
p 18.93 0.4879738978444679 0.2522301436576396 -0.4731651854351732 0.6887499546279477 -119.2076 200.356009 -1006.837158
p 18.966 0.4883426040470231 0.24914526812584678 -0.4779564513860116 0.6862984044859787 -118.543084 199.727436 -1004.135766
p 18.998 0.49055327460996456 0.25258960347745635 -0.47552232318251725 0.6851529026429065 -117.950924 199.446647 -1001.303587
m 18.998 -419.63408904170893 707.4320441142045 -619.1630600805114 878.3113603259787
p 19.03 0.49447003566005426 0.24630608100874654 -0.47664146781266675 0.6838462912087774 -118.355242 201.160651 -1007.773575
p 19.066 0.49503357646734564 0.25560323937400115 -0.47245374490384495 0.6829324637180458 -117.282401 199.897306 -1000.232188
p 19.098 0.4972966865568907 0.2553164576441023 -0.4737989268123069 0.6804584851407175 -116.660087 199.196368 -995.881354
m 19.098 -419.63408904170893 707.4320441142045 -619.1630600805114 878.3113603259787
p 19.13 0.49838326127350396 0.25513277923639355 -0.47350055362856536 0.6799400708886041 -117.052732 199.813776 -998.083888
p 19.166 0.49700510171900486 0.25501061180734086 -0.47365502352561756 0.6808863708431825 -117.493707 200.359116 -999.950654
p 19.198 0.49541136876969616 0.2520914200636423 -0.474691822114259 0.6824111663799179 -118.165565 201.059273 -1002.253267
m 19.198 -419.63408904170893 707.4320441142045 -619.1630600805114 878.3113603259787
p 19.23 0.493024012779908 0.2514911840732205 -0.4761129905847879 0.6833708729526011 -118.346231 200.769594 -999.919519
p 19.266 0.49043929849261536 0.25152698735630696 -0.47562967152769975 0.6855506910506327 -118.854271 200.994586 -999.631502
p 19.298 0.4874208629653163 0.24938519521065794 -0.4795492518632366 0.685755422873199 -119.001442 200.613907 -996.117707
m 19.298 -419.63408904170893 707.4320441142045 -619.1630600805114 878.3113603259787
p 19.33 0.4868239481462907 0.24968536065044605 -0.475990937270012 0.6885435716060385 -119.675218 201.324419 -997.508656
p 19.366 0.48530766404650244 0.24390668317828876 -0.47665091104539875 0.6912233720006868 -121.039256 203.37481 -1006.305038
p 19.398 0.48428823367241064 0.24894748757327462 -0.4764181184512426 0.6903012023747315 -120.335859 201.895816 -997.79263
m 19.398 -625.5521524591786 687.3251339958412 -304.5162605748419 675.3500250191169
p 19.43 0.4836169450808242 0.25240607904205375 -0.47453023214373496 0.6908163648901203 -120.47126 202.228432 -998.145079
p 19.466 0.48441237229263456 0.2539060012069774 -0.473919035568054 0.6901284300766054 -120.31174 202.282767 -997.474304
p 19.498 0.4859562555957583 0.252904577022931 -0.4744899331887808 0.6890177791610316 -119.839057 202.063135 -995.389676
p 19.53 0.48965825306722216 0.2527830071747188 -0.473411788822153 0.6871802892982307 -119.962195 202.499625 -998.159637
m 19.53 -625.5521524591786 687.3251339958412 -304.5162605748419 675.3500250191169
p 19.566 0.49276853548527655 0.25206598400810687 -0.47600249752524415 0.6834202586988478 -119.727318 202.494583 -997.254774
p 19.598 0.49690832484530895 0.2581223153635592 -0.4690017752260798 0.6830027452360642 -120.079197 203.980845 -1002.225823
p 19.63 0.4993839887763575 0.2539468230161705 -0.4731776862390042 0.679874620794158 -119.308368 203.170387 -996.397224
m 19.63 -625.5521524591786 687.3251339958412 -304.5162605748419 675.3500250191169
p 19.666 0.5012036112012634 0.2541898036722228 -0.47217826392036816 0.6791391609972143 -119.45954 203.290889 -996.38259
p 19.698 0.5008740954004883 0.25349132629363796 -0.47238797601320676 0.6794976085314796 -119.784555 203.342517 -996.171164
p 19.73 0.4992758767599262 0.2530056752765405 -0.4749707382588877 0.6790539374747782 -120.30896 203.458118 -995.542438
m 19.73 -625.5521524591786 687.3251339958412 -304.5162605748419 675.3500250191169
p 19.766 0.49752198710941137 0.2535484866782127 -0.47445649439819115 0.6804970609782236 -120.882181 203.725192 -995.153809
p 19.798 0.4935226404594212 0.2511565516713015 -0.4735428888794848 0.6849184257997445 -122.410492 204.937952 -1000.580679
p 19.83 0.490716141741536 0.2514756501027014 -0.4750258442281048 0.6857900553376376 -122.570064 203.902912 -994.611936
m 19.83 -625.5521524591786 687.3251339958412 -304.5162605748419 675.3500250191169
p 19.866 0.4885947471083316 0.253667770560787 -0.4748717670118658 0.6866037794827524 -123.154349 203.624753 -992.021651
p 19.898 0.48708777993809343 0.24894967910276322 -0.4754358615267742 0.6890067125942969 -124.27095 204.485102 -994.933623
p 19.93 0.48635665648328197 0.25058643618271365 -0.474807587557011 0.689362930538044 -124.58006 204.32988 -992.862318
m 19.93 389.7973473283363 -512.8221625259405 -891.6178321338681 -837.6172563672626
p 19.966 0.48705888188133295 0.24747657260396752 -0.4721672909835248 0.6917998265394405 -126.067987 206.349613 -1001.823534
p 19.998 0.48660525785419917 0.2500580362297862 -0.47554082647842716 0.6888740813820767 -125.069104 204.742622 -992.803231
p 20.03 0.4885896369203061 0.25091627978918085 -0.4734544532442169 0.6885942201325829 -125.029112 204.879144 -993.204665
p 20.066 0.4905456722418228 0.24587681425950136 -0.4738248423677701 0.6887666513413668 -125.950861 206.481748 -1001.956099
m 20.066 389.7973473283363 -512.8221625259405 -891.6178321338681 -837.6172563672626
p 20.098 0.4939356393067221 0.24881747858759684 -0.4750211965242441 0.6844505095330122 -124.989361 204.773134 -996.401753
p 20.13 0.49750296984704206 0.2572881960641008 -0.4668341528755255 0.6843677739344541 -125.033924 204.965969 -999.515593
p 20.166 0.499784664194162 0.25422544685207205 -0.4720564783539242 0.6802554667182028 -124.288948 204.024954 -995.734427
m 20.166 389.7973473283363 -512.8221625259405 -891.6178321338681 -837.6172563672626
p 20.198 0.5027489161940707 0.2533839729890031 -0.47257079585498846 0.6780243358464355 -124.084512 203.919974 -995.237932
p 20.23 0.5028668701239459 0.2563566417662316 -0.4707814106593016 0.6780641562566185 -123.965726 203.562277 -994.648772
p 20.266 0.5040058157966859 0.25436142895520086 -0.47192830502134436 0.6771722454442445 -123.938788 203.106322 -993.576663
m 20.266 389.7973473283363 -512.8221625259405 -891.6178321338681 -837.6172563672626
p 20.298 0.5043759664050523 0.25334442107328503 -0.4719030581126759 0.6772953565469055 -124.623466 203.28428 -995.49054
p 20.33 0.5031693089122335 0.25047968128390063 -0.46969291829993837 0.6807857592517634 -125.900586 204.457124 -1001.594966
p 20.366 0.5023403593777744 0.24981104723343991 -0.4728202526376813 0.679477556656583 -125.686572 203.028099 -995.52723
m 20.366 389.7973473283363 -512.8221625259405 -891.6178321338681 -837.6172563672626
p 20.398 0.4986496571302111 0.2490210635087893 -0.47252732709741374 0.6826822101095062 -126.730846 203.678498 -999.326614
p 20.43 0.49840995102248425 0.24948685823988787 -0.4702783104624357 0.6842384452805907 -128.025366 204.412008 -1004.60393
p 20.466 0.49560241892561646 0.2456891166285389 -0.47652846085968353 0.6833269715151012 -127.676638 203.16266 -998.551206
m 20.466 315.08240639561797 622.3257620693528 -850.5943186230711 -755.7905471778158
p 20.498 0.4966090015579768 0.25229631526501706 -0.4688502908741718 0.6854965353668828 -128.236547 203.632927 -1001.177601
p 20.53 0.49716456515417495 0.24979490403622565 -0.4716969562391525 0.684055187832093 -128.029325 202.868283 -998.828171
p 20.566 0.49802946619843885 0.2514640799354117 -0.4710004875557165 0.6832944094605194 -127.888251 202.884654 -999.275842
p 20.598 0.5007236010764038 0.24891891208931977 -0.4730467276965731 0.6808391880613219 -127.035285 202.247937 -995.184445
m 20.598 315.08240639561797 622.3257620693528 -850.5943186230711 -755.7905471778158
p 20.63 0.5037807930225737 0.25094703654967165 -0.4737147004744279 0.6773660384164532 -126.823455 202.04616 -995.057916
p 20.666 0.5063075234412273 0.2513507336219335 -0.47273506997914533 0.676015532365936 -126.793857 202.171866 -996.816417
p 20.698 0.5101167402157036 0.2496447228351378 -0.46968887329381753 0.6759075380553171 -127.811684 203.582239 -1005.404624
m 20.698 315.08240639561797 622.3257620693528 -850.5943186230711 -755.7905471778158
p 20.73 0.5101805261932201 0.25408134658121456 -0.47105966762496737 0.6732469829119176 -126.521212 201.465434 -995.466962
p 20.766 0.5120364601647364 0.25015637976875843 -0.4691214460349069 0.6746589879339042 -127.7237 202.822218 -1003.694143
p 20.798 0.5096558080906968 0.24882056409786288 -0.4742577788200864 0.6733637575634732 -127.60953 201.955493 -1000.355391
m 20.798 315.08240639561797 622.3257620693528 -850.5943186230711 -755.7905471778158
p 20.83 0.5103930221880582 0.24863309839483605 -0.4702011838706153 0.6757155466614633 -128.644581 202.769048 -1004.737488
p 20.866 0.5087611937610799 0.25026890147394315 -0.46995165227937385 0.6765153361158932 -129.114386 202.541584 -1003.799268
p 20.898 0.5060562948342472 0.24571584016261805 -0.47187204557007745 0.6788725948217382 -130.024103 203.09431 -1007.041737
m 20.898 315.08240639561797 622.3257620693528 -850.5943186230711 -755.7905471778158
p 20.93 0.5044852526323177 0.24379310168817578 -0.47314837350174066 0.679845938430171 -130.418582 202.550984 -1005.626848
p 20.966 0.5045433504395077 0.24994509053304165 -0.47178325474711064 0.6785160278136397 -129.752404 200.935217 -997.93056
p 20.998 0.5050741791029261 0.24781125963634384 -0.47372090995806815 0.6775529499603702 -129.615214 200.004809 -994.688905
p 21.03 0.505701543957482 0.24886315264421946 -0.4722100417052994 0.6777540114230235 -130.055178 200.481495 -997.73373
m 21.03 -324.2439206333812 485.34700218510955 732.24184767837 817.0173013607919
p 21.066 0.5087190893000585 0.2471380815769787 -0.47036811047485366 0.677407742796021 -131.016076 201.752804 -1005.781038
p 21.098 0.5101982611347056 0.24579165905037872 -0.4705664588517428 0.6766472493108947 -130.998937 202.284253 -1008.017166
p 21.13 0.5095348581745559 0.25064679519630606 -0.4713686560784415 0.6748051570638743 -129.776164 201.177322 -1001.240694
m 21.13 -324.2439206333812 485.34700218510955 732.24184767837 817.0173013607919
p 21.166 0.5099472280701061 0.2535346018494445 -0.471542627281179 0.6732917272624104 -129.051645 200.697007 -998.108649
p 21.198 0.5082429058777793 0.24597151043665538 -0.473419600658609 0.6760630517932481 -129.867319 202.264973 -1005.755389
p 21.23 0.5070718054038463 0.25246494426495414 -0.4719688667529916 0.6755630984593518 -128.704008 200.510286 -996.831282
m 21.23 -324.2439206333812 485.34700218510955 732.24184767837 817.0173013607919
p 21.266 0.5051386460039355 0.2506526830422131 -0.4735556563605746 0.6765746448101644 -128.639564 200.302967 -995.286848
p 21.298 0.5014775900997677 0.251245438415476 -0.4729841438265783 0.6794720376880861 -129.082991 200.954649 -997.539514
p 21.33 0.5000112676692251 0.24898827841400042 -0.47433525964681356 0.6804406660392954 -129.137029 200.866791 -996.910807
m 21.33 -324.2439206333812 485.34700218510955 732.24184767837 817.0173013607919
p 21.366 0.4985660759762079 0.24859937979619995 -0.4738308460485373 0.6819928518686982 -129.334149 201.022592 -997.301238
p 21.398 0.49529414548234263 0.25085900116435145 -0.47428268890404773 0.6832344034077908 -128.973076 200.796746 -994.540475
p 21.43 0.49315620701406293 0.24664722155946678 -0.4781583210435608 0.6836130118714827 -129.393617 201.606234 -998.242781
m 21.43 -324.2439206333812 485.34700218510955 732.24184767837 817.0173013607919
p 21.466 0.49362401538009615 0.2493679028502236 -0.46865590471845714 0.6888486771417943 -130.32766 203.704272 -1007.356324
p 21.498 0.49437361468609514 0.24993969647257888 -0.4735641095366566 0.6847351677838667 -128.526296 201.72223 -996.366878
p 21.53 0.4943676489175555 0.24732574113363257 -0.47418082277426465 0.6852612640445979 -129.159795 203.227278 -1003.821094
m 21.53 -324.2439206333812 485.34700218510955 732.24184767837 817.0173013607919
p 21.566 0.4949787834181866 0.25099863557603497 -0.47423534242099813 0.6834449502337405 -127.505652 201.895982 -995.354185
p 21.598 0.49635137145509245 0.2607359689825408 -0.4657196602515852 0.6846581263667291 -127.793427 203.249963 -1000.923562
p 21.63 0.4976958882324612 0.25110224321475844 -0.4730525002327546 0.6822519695830859 -127.008734 202.824931 -997.550891
m 21.63 -324.2439206333812 485.34700218510955 732.24184767837 817.0173013607919
p 21.666 0.4989201857063756 0.25365515707547304 -0.47300690145363594 0.6804425030816345 -126.245985 201.841915 -993.422837
p 21.698 0.49712544592558855 0.2493877883115576 -0.4795743906271185 0.6787341158362381 -126.151382 201.725583 -993.806283
p 21.73 0.49712544592558855 0.2493877883115576 -0.4795743906271185 0.6787341158362381 -126.151382 201.725583 -993.806283
m 21.73 -324.2439206333812 485.34700218510955 732.24184767837 817.0173013607919
p 21.766 0.4991842456957055 0.25107070405914295 -0.4705329366878234 0.6829181869008908 -127.415924 203.586697 -1002.294956
p 21.798 0.4963541530354149 0.2494240170817776 -0.4751750315052937 0.6823701341647362 -126.867815 202.315905 -995.793641
p 21.83 0.4956600202686411 0.2510319435232559 -0.47360445190697004 0.683376177518649 -127.588989 202.432796 -997.982663
m 21.83 -324.2439206333812 485.34700218510955 732.24184767837 817.0173013607919
p 21.866 0.4940958585232119 0.2497920928162935 -0.4740102097999323 0.6846803998947245 -127.676834 202.209962 -996.763168
p 21.898 0.4918521960724103 0.2488993230241735 -0.4752121975681432 0.6857873212592954 -127.684568 201.951754 -994.791187
p 21.93 0.49111913483628067 0.24997724328951001 -0.47367223551579163 0.6869845340326084 -128.019149 202.205849 -996.555856
m 21.93 -324.2439206333812 485.34700218510955 732.24184767837 817.0173013607919
p 21.966 0.49062591794622884 0.25040274137152263 -0.4737033919648451 0.6871610073337979 -127.907339 201.80582 -994.668041
p 21.998 0.49108036005298467 0.24953095111777854 -0.4734840840367552 0.6873045176630226 -128.037977 202.194935 -996.43349
p 22.03 0.49165480543313766 0.24252373203473185 -0.4776640951238901 0.6865091040911256 -128.626685 203.378311 -1001.841029
m 22.03 -324.2439206333812 485.34700218510955 732.24184767837 817.0173013607919
p 22.066 0.49385107883840895 0.24939628919643142 -0.47391794327505476 0.6850653253522616 -127.703046 202.228326 -996.827954
p 22.098 0.4935854978978419 0.247588936256998 -0.4804212562266458 0.6813723284666029 -127.466623 202.22712 -997.118989
p 22.13 0.4978457428901238 0.24496498365377187 -0.4729292394332733 0.6844559883586381 -128.837718 204.844858 -1009.955191
m 22.13 -324.2439206333812 485.34700218510955 732.24184767837 817.0173013607919
