m -1 -300.0 0 0 0
m -1 -300.0 0 0 0
m -1 -300.0 0 0 0
m -1 -300.0 0 0 0
m -1 -300.0 0 0 0
p 0.076 0.6332641628893901 0.17183547779413297 -0.47514057739685367 0.5862510019611596 -86.003049 -15.072758 -951.240077
m 0.076 -300.0 0 0 0
p 0.117 0.46323611287566724 0.27510864292156517 -0.4621574906783665 0.7043708185323977 -71.890345 23.149635 -900.898952
p 0.145 0.46433286127479184 0.2705302907166793 -0.4602591267203987 0.7066611635005846 -72.569261 23.403234 -910.215228
p 0.173 0.4639704410040815 0.27097130157298244 -0.4611590417924618 0.7061430449986744 -72.35057 23.297852 -906.926977
m 0.173 -300.0 0 0 0
p 0.201 0.46341526636413527 0.27366183664562543 -0.4621071846265292 0.7048489199821477 -71.866476 23.054673 -900.553899
p 0.234 0.46315395380911323 0.2732157714912806 -0.463608009954603 0.7042080658441793 -71.77333 23.01732 -899.547532
p 0.266 0.4624215258361112 0.27532716239326616 -0.4620672100066777 0.7048795996480534 -71.810119 23.100165 -899.798982
m 0.266 -300.0 0 0 0
p 0.298 0.46229566749001777 0.2735673136154798 -0.46225739795178616 0.7055219698917957 -71.953884 23.173168 -900.891436
p 0.334 0.4609513709541412 0.27553715248206695 -0.46136129902424516 0.7062214596003155 -71.919663 23.101881 -899.813148
p 0.366 0.46072337462269763 0.27556572934512297 -0.46167571691359427 0.7061536659962901 -71.926528 23.071348 -898.948793
m 0.366 -300.0 0 0 0
p 0.398 0.4607754323993754 0.2757960475047318 -0.461638680387349 0.706054353431802 -71.976161 23.09144 -898.801319
p 0.434 0.46187209635091414 0.27305087168685427 -0.4626900593947745 0.7057164798982661 -72.034997 23.050535 -898.643119
p 0.466 0.4612708966882697 0.2732487175779686 -0.4625911816830391 0.7060975499178567 -72.162533 23.127337 -899.972038
m 0.466 -300.0 0 0 0
p 0.498 0.46131409198628803 0.27297276854281133 -0.4636483101924538 0.7054824590306976 -72.051046 23.052032 -898.76966
p 0.534 0.46144498487612684 0.27425361526725794 -0.4618209948676242 0.7060982580349565 -72.232504 23.182088 -900.811271
p 0.566 0.46175885032568714 0.2733122743380014 -0.4629420142085915 0.7055235644540868 -72.012125 23.042614 -898.730143
m 0.566 -300.0 0 0 0
p 0.598 0.46208535411664553 0.2753095553820976 -0.4605512184197407 0.7060979039764953 -72.007205 23.149062 -900.40392
p 0.634 0.4615091444678434 0.2743746020834777 -0.46232077053338794 0.7056821168203146 -71.876844 23.115194 -899.498875
p 0.666 0.46270331360246086 0.27433584707227315 -0.4618797930891465 0.7052040484852594 -71.805742 23.061841 -899.189326
m 0.666 -300.0 0 0 0
p 0.698 0.46310027790845704 0.2740079542991039 -0.46248651802822566 0.7046729737970656 -71.778919 23.051123 -899.214677
p 0.734 0.46346119092895766 0.273690136074066 -0.4620360743060127 0.7048545949343028 -71.947287 23.1503 -901.706848
p 0.766 0.46402349281632965 0.2686269469838346 -0.46413731418792914 0.7050521257325588 -72.26798 23.231213 -905.808179
m 0.766 -300.0 0 0 0
p 0.798 0.46306092541582883 0.2746228742667322 -0.4611840982916873 0.7053126966105177 -71.922479 23.118816 -901.479835
p 0.835 0.4629552337394901 0.2747945554509464 -0.46176965854277685 0.7049320889277207 -71.912374 23.107535 -901.502958
p 0.867 0.46271350863468763 0.2745253139762414 -0.46215105414165397 0.7049459199115914 -71.938061 23.113743 -901.594129
m 0.867 -320.4797845294717 455.76858016518133 360.2349740021991 410.6783743911316
p 0.898 0.46232337376136523 0.2725015322383385 -0.4632982279827357 0.7052336492255599 -71.97839 23.14916 -900.845044
p 0.934 0.46207928234325363 0.2743737528585548 -0.46153948540746265 0.7058209758855286 -71.937405 23.139025 -900.448258
p 0.966 0.46063024304369354 0.2738206350193039 -0.4615475295645069 0.7069764847574492 -71.818736 23.34457 -899.998749
m 0.966 -320.4797845294717 455.76858016518133 360.2349740021991 410.6783743911316
p 0.998 0.460220695279251 0.27409789577979055 -0.4622492026062231 0.7066772601407237 -71.717088 23.446722 -900.3716
p 1.034 0.4573188266112448 0.2743802897684748 -0.4618779325877732 0.7086915760752345 -71.239056 23.428895 -898.001581
m 1.034 -320.4797845294717 455.76858016518133 360.2349740021991 410.6783743911316
p 1.098 0.45716612203070384 0.2724290023653904 -0.46250963680952945 0.7091306297150053 -70.697179 23.614683 -900.776614
p 1.134 0.456473291412648 0.2722688520053095 -0.4630822463453738 0.7092649363954205 -70.164252 23.690665 -899.978454
p 1.166 0.4596858561137891 0.26925375818893005 -0.46294800668587993 0.708428366174026 -70.014821 23.865359 -904.918083
m 1.166 -320.4797845294717 455.76858016518133 360.2349740021991 410.6783743911316
p 1.198 0.4602771128173902 0.2739348699312234 -0.46289079318763315 0.7062837602550408 -68.798348 23.639234 -897.45714
p 1.234 0.46303392679863165 0.2750986048851333 -0.4581528480049869 0.7071182715783831 -68.955381 23.922052 -906.953685
p 1.266 0.4649521915970593 0.27585793843458895 -0.4612686180763753 0.7035287840593305 -67.755386 23.865847 -899.812742
m 1.266 -320.4797845294717 455.76858016518133 360.2349740021991 410.6783743911316
p 1.298 0.46656268915127624 0.27644541835322894 -0.45992682148695985 0.7031107665226013 -67.364519 23.72873 -901.730538
p 1.334 0.4676833522922405 0.2760388791013085 -0.46025642814335616 0.7023095827339964 -66.862143 23.529668 -901.851035
p 1.366 0.4672264200115648 0.27643121319886976 -0.4604716497437312 0.702318481886957 -66.247476 23.621992 -899.657957
m 1.366 -345.5245511576099 426.4478280073722 -669.6081300317621 668.6733208365472
p 1.398 0.46742480311505574 0.2777242500135713 -0.45967167136241555 0.7022001139276466 -66.010002 23.787411 -900.109859
p 1.434 0.46746233820525546 0.277752455279113 -0.4589483445021976 0.7026373531203703 -65.817226 23.826912 -899.612329
p 1.466 0.4653880647520109 0.2768832191093841 -0.4618526023898079 0.7024540910265952 -65.635807 23.594012 -897.894212
p 1.498 0.46577380494398213 0.2791620509149053 -0.45935110711184574 0.7029366970076324 -65.879585 23.836847 -899.672147
m 1.498 -345.5245511576099 426.4478280073722 -669.6081300317621 668.6733208365472
p 1.534 0.46485618791554145 0.27650519003619006 -0.46136750209526445 0.7032734176691168 -65.837824 24.23288 -897.074091
p 1.566 0.46501401868480097 0.27541988521526584 -0.46103533204206737 0.7038126526285244 -66.104862 24.324777 -897.011929
p 1.598 0.46287474870529133 0.27524037059273143 -0.4608086615778722 0.7054397564640087 -66.389517 24.420308 -897.63934
m 1.598 -345.5245511576099 426.4478280073722 -669.6081300317621 668.6733208365472
p 1.634 0.46205147575272937 0.27373889480229674 -0.4611864242468211 0.706316324319352 -66.72952 24.536574 -897.140639
p 1.666 0.46205127193232814 0.2747521566338023 -0.4604784748052552 0.7063848101424606 -67.084252 24.676412 -898.660708
p 1.698 0.46047112540149043 0.272404971585387 -0.4617322448061291 0.7075063603954386 -67.410306 24.722226 -898.723558
m 1.698 -345.5245511576099 426.4478280073722 -669.6081300317621 668.6733208365472
p 1.734 0.45830794338351516 0.2746779552647336 -0.462390392017685 0.7076022894253523 -67.266559 24.944513 -895.040672
p 1.766 0.45867815219337077 0.270792186645165 -0.4647269613568259 0.7073293080312735 -67.520736 25.183788 -896.183978
p 1.798 0.4587428686946466 0.27520050381860534 -0.46150960824594345 0.7076922000417979 -67.587872 25.326379 -896.127877
m 1.798 -345.5245511576099 426.4478280073722 -669.6081300317621 668.6733208365472
p 1.834 0.4595999039510811 0.2723270830070844 -0.46227529051879146 0.7077481896833081 -67.57783 25.494112 -895.763358
p 1.866 0.45997190349756284 0.2738390196083058 -0.46133154611685884 0.7075388681902923 -67.478099 25.596591 -894.418086
p 1.898 0.46218475558135785 0.2728577929738996 -0.4622509855220339 0.7058741035057172 -67.444868 25.784975 -895.149983
m 1.898 400.4258053370362 -631.1760421935205 874.5496021663184 878.9892697732892
p 1.934 0.4606209979359504 0.27074467541936303 -0.46277370335402274 0.7073657116371983 -67.632791 26.163431 -899.895157
p 1.966 0.46396457698438875 0.2739020953002715 -0.46100831816353716 0.7051141751517976 -67.296661 26.252284 -895.83496
p 1.998 0.4644291663888482 0.27299726293537346 -0.46213260533306094 0.704422813372764 -67.209212 26.121738 -895.558489
p 2.034 0.4637253193669795 0.27487932604840337 -0.4621769444798097 0.7041253439551796 -67.201482 25.617138 -895.509157
m 2.034 400.4258053370362 -631.1760421935205 874.5496021663184 878.9892697732892
p 2.066 0.46352996421439097 0.27435308963159827 -0.4611265645389908 0.7051469704962222 -67.195509 25.261905 -896.111912
p 2.098 0.463042059396569 0.27488959074189956 -0.46119970382058423 0.705211315847952 -67.231371 25.133098 -896.238427
p 2.134 0.4639677852971513 0.2741837166094281 -0.46165010012892815 0.7045823230822642 -67.329127 24.952517 -897.772493
m 2.134 400.4258053370362 -631.1760421935205 874.5496021663184 878.9892697732892
p 2.166 0.46136681868642937 0.27739335323729825 -0.4606338566726878 0.7056982357920417 -67.231187 24.541805 -896.188576
p 2.198 0.46090004731337525 0.27795709429154736 -0.4610003247815431 0.7055423445832291 -67.204441 24.249795 -894.252952
p 2.234 0.4610198358012447 0.2752399666201723 -0.46039777222962275 0.706921318111146 -67.584063 24.08777 -897.511465
m 2.234 400.4258053370362 -631.1760421935205 874.5496021663184 878.9892697732892
p 2.266 0.4601993243896597 0.2761680454162586 -0.4606909053212161 0.7069029282723336 -67.645241 23.868701 -897.388893
p 2.298 0.45928521312663273 0.27289717627481286 -0.4619850150219442 0.707922312121888 -67.871206 23.609217 -898.401146
p 2.334 0.4604298150457936 0.27437552584023994 -0.46221974454666614 0.7064524046246853 -67.82509 23.359992 -897.517562
m 2.334 400.4258053370362 -631.1760421935205 874.5496021663184 878.9892697732892
p 2.366 0.45973898344753145 0.27565104147292757 -0.4624281116784979 0.7062697784841144 -67.741336 23.096201 -896.784878
p 2.398 0.4600499392303057 0.2756467552369735 -0.460114596356547 0.7075786175401289 -67.907961 22.905661 -899.557712
p 2.434 0.4601596795906175 0.2752370784296184 -0.46180106621506123 0.70656722963919 -67.771848 22.502848 -896.279444
m 2.434 -531.691014235226 666.2503009723696 -313.1785726873123 515.9197209381985
p 2.466 0.46011157931454155 0.2756109484915706 -0.46143854022487996 0.7066899956841048 -67.55325 22.352631 -896.328427
p 2.498 0.46219330683001986 0.2775475343930316 -0.45974211880792576 0.7056782198707849 -67.59549 22.040029 -897.637845
p 2.534 0.46225979115662813 0.27629555493699953 -0.4608545609151631 0.7054004182023144 -67.33843 22.053729 -896.445851
p 2.566 0.4638951987166006 0.2757446704313222 -0.46176045396624943 0.7039483290696839 -67.200614 22.1897 -895.361477
m 2.566 -531.691014235226 666.2503009723696 -313.1785726873123 515.9197209381985
p 2.598 0.4647322545341561 0.2770204471656895 -0.4618851234549031 0.7028127417740802 -67.273806 22.195964 -894.971348
p 2.634 0.46608139016602435 0.27645407364327906 -0.46168318355187465 0.7022748749599405 -67.539216 22.325097 -896.767056
p 2.666 0.46770408555216825 0.2765057567603018 -0.46115617561193917 0.7015215606095083 -67.872461 22.481194 -897.029583
m 2.666 -531.691014235226 666.2503009723696 -313.1785726873123 515.9197209381985
p 2.698 0.46776920513303505 0.2783829282233673 -0.46014870112368383 0.7013971770687419 -68.164633 22.563933 -896.450441
p 2.734 0.4675036814709488 0.277252041372223 -0.4604718635561926 0.7018099814052234 -68.582852 22.698187 -895.566751
p 2.766 0.4667806772659954 0.2766990562258902 -0.46130814548634685 0.701960290899706 -68.988247 22.830914 -894.369175
m 2.766 -531.691014235226 666.2503009723696 -313.1785726873123 515.9197209381985
p 2.798 0.46524861057567657 0.2759718767838549 -0.4606203033606974 0.7037130096850562 -69.722266 22.868964 -895.612737
p 2.834 0.46118299479962077 0.2770752572370875 -0.46060966115767005 0.7059589223177224 -70.22168 22.858366 -893.682138
p 2.866 0.45757678110470257 0.2752630921736412 -0.4631233933773778 0.7073687157345877 -70.86939 23.037715 -892.322057
m 2.866 -531.691014235226 666.2503009723696 -313.1785726873123 515.9197209381985
p 2.898 0.4584035089604608 0.2748778633299415 -0.4623448940396772 0.7074924027860652 -71.779428 23.174975 -894.620206
p 2.934 0.4573501625788019 0.2754076356810769 -0.4618454727734174 0.7082937243827592 -72.44637 23.337213 -893.519866
p 2.966 0.45522309272845785 0.2747828575928117 -0.4612717797315186 0.7102781145438736 -73.199028 23.530247 -895.39717
m 2.966 -427.5760563700833 540.4851220868507 519.8391417585598 586.9284484690102
p 2.998 0.4558460759844722 0.2729328454011918 -0.4628709418531013 0.7095509143112988 -73.459322 23.535254 -892.843545
p 3.034 0.4552882010471782 0.27105281562921796 -0.46356360175759964 0.7101770905907906 -73.721631 23.656258 -892.345115
p 3.066 0.4577096789081967 0.269142573298321 -0.4612854258680156 0.7108305001897428 -74.550449 23.837615 -899.277667
p 3.098 0.4552964481698113 0.27095315804539855 -0.46326195328490694 0.710406925641917 -73.828549 23.665351 -892.012498
m 3.098 -427.5760563700833 540.4851220868507 519.8391417585598 586.9284484690102
p 3.134 0.4526151728467102 0.27310970654626265 -0.4617351036228387 0.7122861082458368 -73.60197 23.837751 -892.509904
p 3.166 0.45303410490675605 0.27593066336202093 -0.46031547487323726 0.7118509324289742 -73.264917 23.992539 -894.520609
p 3.198 0.45456298570749926 0.2709724136226836 -0.4629598864564779 0.7110659252136893 -72.741893 24.087613 -895.605775
m 3.198 -427.5760563700833 540.4851220868507 519.8391417585598 586.9284484690102
p 3.234 0.4558327282057314 0.27565227330342223 -0.46084486307542105 0.7098272677208167 -71.979173 24.085419 -893.905317
p 3.266 0.455712759928888 0.27617024274518387 -0.4613618120520523 0.7093667951067346 -71.066781 24.19203 -892.561659
p 3.298 0.4603518405772112 0.2768665592885191 -0.46057119827134874 0.7066084488597628 -70.39623 24.318575 -893.937247
m 3.298 -427.5760563700833 540.4851220868507 519.8391417585598 586.9284484690102
p 3.334 0.4649595959010667 0.27458213399166187 -0.46042035324911335 0.704577887816528 -69.762091 24.474787 -895.651765
p 3.366 0.46798559282140173 0.27675921088007377 -0.4609961045537171 0.7013388981084681 -68.680692 24.553613 -891.376744
p 3.398 0.46834047042317495 0.2766557560702429 -0.4592205260203081 0.702306912966119 -68.503619 24.69273 -896.846837
m 3.398 -427.5760563700833 540.4851220868507 519.8391417585598 586.9284484690102
p 3.434 0.468915362066736 0.27582730072436434 -0.4610468289487724 0.7010518882365271 -67.605032 24.728218 -892.526125
p 3.466 0.46905503324833525 0.2803581362065023 -0.4586594004519561 0.7007269439660502 -67.149263 24.657341 -892.375082
p 3.498 0.46749144466923126 0.2774452707679526 -0.46038647867424537 0.7017978697602323 -67.063327 24.86596 -894.016247
m 3.498 506.18122671524253 -879.8406332914823 -844.5162351677027 -837.483389820843
p 3.534 0.46535444352022853 0.2787441270113367 -0.46020307451188386 0.702822879536516 -66.82336 24.914506 -891.363066
p 3.566 0.4641340584001868 0.27705305677128705 -0.4605226493523709 0.7040880626739812 -67.07181 25.00552 -893.201015
p 3.598 0.4632560173927357 0.27646293750257395 -0.4605965842405182 0.7048494520108533 -67.409134 25.08167 -894.946441
m 3.598 506.18122671524253 -879.8406332914823 -844.5162351677027 -837.483389820843
p 3.634 0.46264917031380004 0.27293364880073917 -0.4620348705942709 0.7056815854193731 -67.680404 24.7699 -892.837189
p 3.667 0.46113846584035173 0.2761252264694367 -0.45990830298532703 0.7068169847987525 -68.046196 24.498998 -892.027745
p 3.698 0.4610504099237558 0.2739773674001371 -0.4623168043330968 0.7061386195358529 -68.397414 24.438218 -891.539526
m 3.698 506.18122671524253 -879.8406332914823 -844.5162351677027 -837.483389820843
p 3.734 0.4590091078229205 0.27323819211758066 -0.4627718859724518 0.7074560056992943 -68.792696 24.368857 -892.426682
p 3.766 0.46018383628478704 0.27487638273090914 -0.46136739994236625 0.706975070281831 -68.99912 24.249474 -892.383464
p 3.798 0.45782982125394106 0.27809162022076395 -0.4600098590283008 0.7081299315803562 -69.355401 24.114153 -892.090546
m 3.798 506.18122671524253 -879.8406332914823 -844.5162351677027 -837.483389820843
p 3.834 0.4594287669176975 0.27616698157258257 -0.46107975806804563 0.70715097397939 -69.566617 24.055268 -892.896805
p 3.866 0.4595185284673553 0.27073765694602103 -0.4626452541250199 0.7081689417081208 -70.036084 24.016621 -896.444023
p 3.898 0.4585325358938406 0.2754868212720896 -0.4623200713791183 0.7071880937911781 -69.617977 23.795916 -889.946451
m 3.898 506.18122671524253 -879.8406332914823 -844.5162351677027 -837.483389820843
p 3.934 0.46048495888498236 0.273066540546873 -0.4603783391564312 0.7081241063542463 -70.439167 23.812854 -897.813578
p 3.966 0.46079615820384967 0.27500832176498474 -0.4614702962185659 0.7064577128179719 -70.162707 23.621317 -893.379072
p 3.998 0.46041167340765426 0.2759244481745003 -0.46212325939816334 0.7059242168958364 -70.226313 23.489228 -892.423339
m 3.998 506.18122671524253 -879.8406332914823 -844.5162351677027 -837.483389820843
p 4.034 0.4622362831435043 0.27678898141840824 -0.4613765633656966 0.7048808409937101 -70.341754 23.468583 -892.945478
p 4.066 0.4631592494511106 0.27583132463735954 -0.46193602076339985 0.7042836786409294 -70.558992 23.428923 -893.167088
p 4.098 0.462634536832369 0.27796988703505343 -0.4603248010860728 0.7048425356063579 -70.802359 23.333787 -895.149792
m 4.098 875.6098843724417 475.4964297697811 323.08969633707164 -744.6479681052517
p 4.134 0.4613886067113514 0.2779614897311939 -0.45987151823053507 0.7059575058032885 -70.929029 23.234179 -894.770139
p 4.166 0.4602688263313184 0.2758783708347022 -0.4610682892205916 0.7067244866282759 -70.953607 23.100778 -891.87022
p 4.198 0.4600418436833295 0.27221449459847197 -0.4597446574356409 0.7091512532598387 -71.569402 23.243443 -899.398619
m 4.198 875.6098843724417 475.4964297697811 323.08969633707164 -744.6479681052517
p 4.234 0.45625718711217933 0.27420859710577633 -0.4615014011244964 0.7096869027958738 -71.127164 22.841723 -893.805176
p 4.266 0.45554949523571897 0.27334475114074275 -0.46103822559211444 0.7107745774857174 -70.997854 22.764292 -893.784576
p 4.298 0.45163507284680343 0.2749417572870075 -0.46167023779021693 0.7122453931054943 -70.640561 22.641609 -892.604871
m 4.298 875.6098843724417 475.4964297697811 323.08969633707164 -744.6479681052517
p 4.334 0.4517271200168421 0.275029718034784 -0.46162947044230596 0.712179401555535 -70.408903 22.566732 -895.534681
p 4.366 0.4548671826561956 0.2742440988232005 -0.46172014439125725 0.7104227614596818 -70.012429 22.494038 -896.300968
p 4.398 0.4565809082496951 0.2752255541313324 -0.46283146153836496 0.7082173042223693 -69.235055 22.379385 -893.987104
m 4.398 875.6098843724417 475.4964297697811 323.08969633707164 -744.6479681052517
p 4.434 0.460073287424851 0.27137820695422565 -0.46392911655973496 0.7067221872843671 -69.021329 22.473226 -898.882952
p 4.466 0.4623273880591545 0.27577794942408895 -0.46102891570982596 0.7054443635043093 -68.014918 22.28118 -895.040692
p 4.498 0.46545394404992796 0.27557835233339784 -0.4602460305019529 0.7039767396725549 -67.461663 22.294161 -897.277748
m 4.498 875.6098843724417 475.4964297697811 323.08969633707164 -744.6479681052517
p 4.534 0.4662938770757244 0.2755530221358186 -0.4611136283683022 0.7028620063710941 -66.712644 22.075036 -896.062613
p 4.566 0.4679227290825068 0.2743444970456663 -0.4614058343290491 0.7020598265105332 -66.201855 22.050742 -897.353082
p 4.598 0.46874776544303326 0.27461290651288284 -0.4621254947728953 0.7009302747064076 -65.587399 22.003294 -895.665578
m 4.598 -759.1008562261634 465.53143414112424 -328.89796788703 697.8649482161895
p 4.634 0.46818294549000294 0.2762494033295865 -0.4626625339673662 0.7003101098799017 -65.144209 21.85987 -893.916946
p 4.666 0.4675269676095692 0.2772882281701201 -0.4625719246880999 0.7003975656725259 -65.102175 21.852619 -894.607999
p 4.698 0.46763478368495104 0.27749361250794813 -0.46170526834712977 0.7008161313782668 -65.209833 21.923573 -896.053119
m 4.698 -759.1008562261634 465.53143414112424 -328.89796788703 697.8649482161895
p 4.735 0.46790683201856886 0.27847057479400317 -0.45961601828036713 0.7016199113480175 -65.606523 22.152846 -897.296466
p 4.766 0.4648049875513975 0.27699438074417587 -0.46125579673285655 0.7031884526924487 -65.85363 22.068397 -894.238699
p 4.798 0.4655670436457427 0.27483492327482495 -0.4615678355264907 0.7033267377257885 -66.607622 22.088381 -895.554854
m 4.798 -759.1008562261634 465.53143414112424 -328.89796788703 697.8649482161895
p 4.834 0.4647203468590795 0.27535958488250817 -0.460609225520059 0.7043090585815294 -67.433976 22.279858 -897.685909
p 4.866 0.462728890574881 0.27505068193862997 -0.4616456523156291 0.705061876717214 -67.918931 22.329659 -894.400997
p 4.898 0.46020655277539807 0.27460577165402844 -0.46316807333102294 0.705887384785987 -68.760275 22.337177 -894.454595
m 4.898 -759.1008562261634 465.53143414112424 -328.89796788703 697.8649482161895
p 4.934 0.45804931592139886 0.2730549391236632 -0.4635606526579709 0.7076323197819613 -69.22022 22.451587 -893.615138
p 4.966 0.45620660631567495 0.27413201221699357 -0.4628623452313639 0.7088619400137096 -69.889573 22.605976 -894.803603
p 4.998 0.4545008763415955 0.27495418578168396 -0.4612489110766419 0.7106883986670951 -70.403135 22.665658 -894.974947
m 4.998 -759.1008562261634 465.53143414112424 -328.89796788703 697.8649482161895
p 5.034 0.4548266824511596 0.2746070496977006 -0.4605190166985986 0.7110878989267079 -70.782042 22.853159 -895.015854
p 5.066 0.4557071267511547 0.27558549090355206 -0.45942978170421 0.7108501951888316 -71.073198 23.05503 -895.528897
p 5.098 0.4568967978602271 0.2745813245018608 -0.4605272288149814 0.7097642214144073 -71.219449 23.191147 -894.480834
m 5.098 -333.35789565253936 645.3412581242424 435.8536245090112 828.4849233366991
p 5.134 0.4582393177311708 0.2748893908690553 -0.45954990904013193 0.7094126091351914 -71.382895 23.305719 -894.120879
p 5.198 0.4614793057348025 0.273832471378705 -0.46231651679303926 0.7059151861236589 -71.422805 23.341472 -893.882999
p 5.234 0.46066889725790106 0.2741979314544402 -0.46267791714417855 0.7060656839133311 -71.307753 23.321805 -893.763966
m 5.234 -333.35789565253936 645.3412581242424 435.8536245090112 828.4849233366991
p 5.266 0.4610238361021604 0.27477645440210796 -0.4630934168601639 0.705336090101733 -70.963192 23.594541 -892.438471
p 5.298 0.457848635913856 0.27358116398019605 -0.4630038548918099 0.7079233715593799 -70.624075 23.897523 -893.292957
p 5.334 0.4574590145291795 0.27577824698040443 -0.460563411786726 0.7089137817816775 -70.16928 24.036426 -894.023343
m 5.334 -333.35789565253936 645.3412581242424 435.8536245090112 828.4849233366991
p 5.366 0.4573916260697977 0.2738022162479616 -0.46137536640999655 0.7091953186534723 -69.748184 24.135557 -894.2622
p 5.398 0.45703658000706643 0.2757506185141695 -0.45892638704547595 0.7102576997118722 -69.357451 24.369562 -894.881071
p 5.434 0.4573383443235385 0.2746535508138212 -0.4605210663943021 0.7094556011478096 -68.649431 24.477994 -892.01466
m 5.434 -333.35789565253936 645.3412581242424 435.8536245090112 828.4849233366991
p 5.466 0.4596636858818204 0.27472151786772514 -0.4609751069577472 0.7076293168036496 -68.271356 24.636729 -892.995738
p 5.498 0.4614914957343507 0.2770043047500747 -0.4594601006385086 0.7065341463793522 -67.909114 24.86576 -894.701349
p 5.534 0.46250785501903074 0.27561651165195455 -0.4622562888051364 0.7045858712747509 -67.195122 25.065865 -893.434261
m 5.534 -333.35789565253936 645.3412581242424 435.8536245090112 828.4849233366991
p 5.566 0.46242026202333425 0.2756311736792643 -0.46291123957013114 0.7042073558263929 -66.388751 25.207556 -892.222747
p 5.598 0.46556927296793144 0.27482793324283106 -0.4620107839745458 0.7030371611799763 -65.825248 25.439698 -892.807981
p 5.634 0.4643638432272958 0.2763130423430033 -0.4598454158941656 0.7046699582073866 -65.437635 25.594635 -894.40156
p 5.666 0.46554888534673183 0.2756920618301616 -0.46025064624845646 0.7038659318364543 -64.83135 25.754231 -893.438514
m 5.666 -598.6723885306243 354.7977434148615 -615.8363330799751 -420.5571054608364
p 5.698 0.4656145545288396 0.2781561833579444 -0.45752273183487074 0.7046311091628016 -64.553637 26.057983 -893.568837
p 5.734 0.46549825861952066 0.27602716462905513 -0.4606861329989743 0.7034832975984576 -64.120319 26.012035 -890.294248
p 5.766 0.46697553750507687 0.2771952518624506 -0.4606396643470304 0.7020737140785147 -64.115846 25.934227 -891.844587
m 5.766 -598.6723885306243 354.7977434148615 -615.8363330799751 -420.5571054608364
p 5.798 0.4660764953081297 0.2769247293131006 -0.4608508425188001 0.7026394879310441 -64.237221 26.24418 -893.18865
p 5.834 0.46600682033969737 0.2744175209279684 -0.46152002060341596 0.7032295144545628 -64.470533 26.825715 -895.13869
p 5.866 0.4645212259113702 0.27606360429235877 -0.46122890573726577 0.7037590141518616 -64.438782 26.858216 -892.482478
m 5.866 -598.6723885306243 354.7977434148615 -615.8363330799751 -420.5571054608364
p 5.898 0.46334964916409105 0.2751236843101851 -0.46237116400000305 0.7041496644890204 -64.686458 26.940906 -891.998296
p 5.934 0.46307663093446727 0.27461313341161014 -0.4615363704133256 0.705075527869178 -65.05164 27.365831 -892.364224
p 5.966 0.4616918918086409 0.2764319216378704 -0.45963072306054903 0.7065166310852137 -65.286377 27.520277 -890.82755
m 5.966 -598.6723885306243 354.7977434148615 -615.8363330799751 -420.5571054608364
p 5.998 0.4587030184278627 0.27624082444562037 -0.45858070016096447 0.7092154115640749 -65.688989 27.842068 -893.008521
p 6.034 0.4590794210329555 0.27628148803942854 -0.45830699865663865 0.7091327449779766 -65.911741 28.001954 -892.018721
p 6.066 0.458507837813674 0.27343137128642653 -0.46169809339661483 0.708407192227747 -66.036624 28.406407 -891.610278
m 6.066 -598.6723885306243 354.7977434148615 -615.8363330799751 -420.5571054608364
p 6.098 0.4569610407237324 0.27609853266624795 -0.4612794956354429 0.7086446570743338 -66.167574 28.595837 -890.133392
p 6.134 0.45620879669690495 0.27560970742959945 -0.4622672771178032 0.7086760543435907 -66.325878 28.779597 -890.234672
p 6.166 0.45811964534355937 0.2737307967957412 -0.4616177652937948 0.7085949124852647 -66.527564 29.164395 -892.27645
m 6.166 763.4003891679879 -628.1405916626521 418.945810300042 -384.947641167822
p 6.199 0.4601003782070549 0.27279425563534676 -0.46097738597770194 0.7080895070540165 -66.81643 29.640574 -896.399482
p 6.234 0.46026929527726773 0.27463539472751947 -0.4614489942012156 0.7069600413036087 -66.36498 29.813795 -891.947083
p 6.266 0.46216351624019136 0.2760881679416139 -0.4593557463966969 0.706521584949816 -66.288046 29.980082 -892.330852
p 6.298 0.4630722770930916 0.2747376349295719 -0.46041981619487454 0.7057596970640927 -66.006155 29.830562 -890.830431
m 6.298 763.4003891679879 -628.1405916626521 418.945810300042 -384.947641167822
p 6.334 0.4625387433123358 0.2764772711479695 -0.4578643134339794 0.7070915782273185 -66.054985 29.73655 -893.385521
p 6.366 0.46113224015534476 0.2760288453989674 -0.4604061613256127 0.706534854058878 -65.751373 29.640996 -892.992193
p 6.398 0.4603057336547618 0.2743383115579575 -0.461657380383513 0.7069154829256464 -65.408897 29.710522 -892.341098
m 6.398 763.4003891679879 -628.1405916626521 418.945810300042 -384.947641167822
p 6.434 0.45972343383249326 0.2768768726779383 -0.46083896437163563 0.7068385600687048 -65.037964 29.526651 -891.009159
p 6.466 0.459568753834222 0.2771600121427538 -0.4622624850773398 0.7058981867096699 -64.818561 29.422273 -891.162204
p 6.498 0.4593373824782026 0.27596767212757056 -0.4622608805377279 0.7065166310852137 -64.612428 29.37136 -892.06357
m 6.498 763.4003891679879 -628.1405916626521 418.945810300042 -384.947641167822
p 6.534 0.46025230903375847 0.27624919452575253 -0.4604566968247112 0.7069893917167357 -64.40476 29.410941 -893.536575
p 6.566 0.4617887338531515 0.27643467413727657 -0.45967032489657783 0.7064263939010207 -64.112639 29.348524 -893.205251
p 6.598 0.4629545698511151 0.27765638590149294 -0.458379292935216 0.7060228395739051 -63.793059 29.430277 -893.860468
m 6.598 763.4003891679879 -628.1405916626521 418.945810300042 -384.947641167822
p 6.634 0.4629517566742803 0.2764560878968216 -0.4597453000069563 0.7056075396422574 -63.550165 29.363441 -894.379304
p 6.666 0.4633260167009977 0.2765128147873782 -0.4597189780050219 0.7053570018083042 -63.311667 29.446311 -895.592133
p 6.698 0.462245571448728 0.27696998478572343 -0.46082321084082145 0.7051657606548973 -62.920872 29.290591 -894.999856
m 6.698 -396.95295713804336 -564.3092241387459 -339.2875249100192 800.5061206619221
p 6.734 0.46363365240795634 0.27070516506771714 -0.46232609137378117 0.7057031954015797 -63.260008 29.499503 -901.888508
p 6.766 0.4621782061920812 0.2758239781405282 -0.4612914160802383 0.7053529258463453 -62.580046 29.213199 -894.928416
p 6.798 0.46241194793774876 0.276881371477387 -0.461198207773401 0.7048460824889361 -62.460171 29.175928 -895.39346
p 6.834 0.46324952551636595 0.2775056574540904 -0.45995455947824737 0.7048631072768669 -62.19794 29.35106 -894.994112
p 6.866 0.46462696659362274 0.2774739022899435 -0.45967561317670735 0.7041509071214778 -62.127394 29.531199 -894.347311
m 6.866 -396.95295713804336 -564.3092241387459 -339.2875249100192 800.5061206619221
p 6.898 0.46578660938028826 0.27838955081224875 -0.45777925302360356 0.704258652768995 -62.305705 29.849164 -897.044317
p 6.934 0.4665644104988419 0.27677188074520925 -0.46006022773144983 0.7028938397795218 -62.106445 29.908687 -892.453327
p 6.966 0.46677392333510764 0.276278386165387 -0.46041962504787826 0.7027133128097118 -62.469874 30.151966 -893.452221
m 6.966 -396.95295713804336 -564.3092241387459 -339.2875249100192 800.5061206619221
p 6.998 0.4654713972146644 0.2753342173549599 -0.46141336287630685 0.7032961680543979 -62.857139 30.355195 -893.920086
p 7.034 0.46640805230004523 0.27509205625534916 -0.4618322179768521 0.7024948398386995 -63.289849 30.633817 -893.853297
p 7.066 0.46355525596644254 0.2761655729177825 -0.46190873900806406 0.7039101505163852 -63.5689 30.937246 -892.499594
m 7.066 -396.95295713804336 -564.3092241387459 -339.2875249100192 800.5061206619221
p 7.098 0.46261395794261845 0.27479701453272803 -0.4616809068613604 0.7052132656154448 -64.092858 31.239458 -893.326663
p 7.134 0.46277079482710665 0.27399486922819655 -0.46179007714629117 0.7053507992481473 -64.536355 31.407102 -892.571011
p 7.166 0.4600270568881881 0.27404507586740323 -0.46148183318742386 0.70732524343473 -64.802754 31.635243 -890.15794
m 7.166 -396.95295713804336 -564.3092241387459 -339.2875249100192 800.5061206619221
p 7.198 0.457244909082771 0.2763461123476178 -0.4601563651076218 0.7090953744031898 -65.299429 31.93065 -890.232242
p 7.234 0.4563122558677326 0.2768416585464571 -0.4587837830248148 0.710390737552229 -65.823656 32.314136 -891.62571
p 7.266 0.4579289766407094 0.2772440553982383 -0.45988704795861013 0.7084777695877268 -66.185695 32.524975 -891.267334
m 7.266 -396.95295713804336 -564.3092241387459 -339.2875249100192 800.5061206619221
p 7.298 0.45747205807485847 0.2748854594264105 -0.4618193160319059 0.7084350711250821 -66.483566 32.690594 -890.589781
p 7.334 0.4576600135355925 0.2745125645020945 -0.4621188113296109 0.7082626631412954 -66.761046 32.819524 -890.642876
p 7.366 0.4573227733300889 0.2735712492620811 -0.4623319048608455 0.7087056864453678 -66.719762 32.66914 -887.94353
m 7.366 -396.95295713804336 -564.3092241387459 -339.2875249100192 800.5061206619221
p 7.398 0.4566197558152135 0.27485882597341427 -0.46218088211253955 0.7087593032899109 -66.73216 32.577755 -888.741783
p 7.434 0.4572198147084807 0.27245536552643684 -0.46211447994243615 0.709343710763689 -66.702519 32.777447 -890.048001
p 7.466 0.45806131773165365 0.2734687377307096 -0.46193803219139284 0.7085252289086114 -66.536301 32.66424 -889.871048
m 7.466 -396.95295713804336 -564.3092241387459 -339.2875249100192 800.5061206619221
p 7.498 0.4575137534701953 0.27590286173593753 -0.4600569066660144 0.7091590089676645 -66.423655 32.648293 -891.317249
p 7.534 0.4590526402989079 0.27680236070434694 -0.4598358806339213 0.7079563898998299 -66.203521 32.613333 -891.30966
p 7.566 0.4623084586828875 0.27711665204136615 -0.45914487462522247 0.7061611005995727 -66.070524 32.782177 -892.758219
m 7.566 -396.95295713804336 -564.3092241387459 -339.2875249100192 800.5061206619221
p 7.598 0.46570999104954985 0.27092954065863906 -0.460900242694542 0.7051824232069317 -66.349736 32.956984 -898.347778
p 7.635 0.4661315380502323 0.2742225302611038 -0.46103411493605495 0.7035417542690697 -65.826724 32.82812 -893.793744
p 7.666 0.46497380340009975 0.2774749718518735 -0.45971167525905854 0.703897719842876 -65.557674 32.735661 -892.564344
m 7.666 -396.95295713804336 -564.3092241387459 -339.2875249100192 800.5061206619221
p 7.698 0.46500347425410926 0.2768400120349902 -0.4613554524856181 0.7030522740166623 -65.384746 32.57733 -890.825191
p 7.734 0.4641709251851052 0.27674582540348364 -0.46070710614936167 0.704063917552945 -65.448698 32.645999 -892.070871
p 7.766 0.46537080498647254 0.27646943904679266 -0.46033897798342976 0.7036211693802285 -65.465437 32.676124 -890.69394
m 7.766 -396.95295713804336 -564.3092241387459 -339.2875249100192 800.5061206619221
p 7.798 0.46348154477010084 0.27664066114425145 -0.4597442449568377 0.7051882727328923 -65.671224 32.763196 -891.605326
p 7.834 0.46311433906614047 0.27643088867773297 -0.46035662133039273 0.705112047833534 -65.873561 32.688848 -891.291618
p 7.866 0.46090187057140325 0.2775524152885242 -0.4592088373018428 0.7068673850164542 -66.083839 32.661991 -891.4464
m 7.866 -396.95295713804336 -564.3092241387459 -339.2875249100192 800.5061206619221
p 7.898 0.4599035989169046 0.27697212364833673 -0.45876170500522845 0.7080342505839672 -66.272498 32.649902 -891.504264
p 7.934 0.4581021319677224 0.2756099963519717 -0.4606946595659043 0.7084784753258211 -66.438127 32.609222 -890.000534
p 7.966 0.4570321288350697 0.2731755081278089 -0.4639151438871096 0.7080109462430648 -66.401377 32.518107 -888.326102
m 7.966 -396.95295713804336 -564.3092241387459 -339.2875249100192 800.5061206619221
p 7.998 0.45693073300256976 0.27333950735934753 -0.4624489356325641 0.7089717906941009 -66.728799 32.643953 -890.76845
p 8.034 0.4563979713031972 0.275120894089971 -0.4623739138407305 0.7086748196457949 -66.537372 32.606171 -888.847268
p 8.066 0.4567476319055414 0.27573616936977313 -0.46175458940308584 0.7086139640170804 -66.568046 32.670984 -890.125749
m 8.066 -396.95295713804336 -564.3092241387459 -339.2875249100192 800.5061206619221
p 8.098 0.4589554644523691 0.2778454814335549 -0.459092805127367 0.7080932142027629 -66.524298 32.721546 -891.33949
p 8.134 0.45995756406158644 0.275273687309125 -0.4597877185393753 0.7079962923631733 -66.269901 32.670547 -891.414182
p 8.166 0.46092655104144986 0.27769280491374354 -0.4586512469419441 0.7071582213338115 -66.155544 32.662842 -892.589345
m 8.166 -396.95295713804336 -564.3092241387459 -339.2875249100192 800.5061206619221
p 8.198 0.4629528448647405 0.27623295052862157 -0.45968744212864004 0.7057322438432297 -65.93894 32.767595 -892.412248
p 8.234 0.46404336047555017 0.2758325155167433 -0.4596368410855267 0.705205112006429 -65.807567 32.753956 -892.85501
p 8.266 0.46452033980734136 0.27534478885343605 -0.46159019143282015 0.7038039499747071 -65.581622 32.679671 -891.345967
m 8.266 -396.95295713804336 -564.3092241387459 -339.2875249100192 800.5061206619221
p 8.298 0.46422430283384436 0.2765723409772738 -0.46063519313761164 0.7041439838555749 -65.64438 32.691966 -892.857941
p 8.334 0.463921724067822 0.27747447192597957 -0.4611532999677537 0.7036494155472597 -65.401427 32.505255 -889.908927
p 8.366 0.46507203901983846 0.2776128827892121 -0.45959717675061595 0.703853322788207 -65.567863 32.701042 -891.924488
m 8.366 -396.95295713804336 -564.3092241387459 -339.2875249100192 800.5061206619221
p 8.398 0.46431852734836493 0.27654391056180544 -0.46050344791680337 0.7041793095511966 -65.629145 32.71508 -892.04242
p 8.434 0.46374104815688766 0.2761602162685838 -0.4595529411674499 0.705330596245477 -65.81001 32.759181 -893.099449
p 8.466 0.46148678451044406 0.2772340023291209 -0.45836372417515014 0.7071589283888029 -65.999101 32.635428 -892.075194
m 8.466 -396.95295713804336 -564.3092241387459 -339.2875249100192 800.5061206619221
p 8.498 0.4592933131223322 0.2757254660727001 -0.46048963320983627 0.7077955213195404 -66.206199 32.658568 -892.138919
p 8.534 0.45931610150645164 0.2761435848595909 -0.45928433981174294 0.7084004870128197 -66.327098 32.662047 -891.210183
p 8.566 0.45795990165867373 0.2745150462910096 -0.4623023788886164 0.7079484444505828 -66.363039 32.482337 -887.79024
m 8.566 -396.95295713804336 -564.3092241387459 -339.2875249100192 800.5061206619221
p 8.598 0.4574393384383093 0.27522311533832056 -0.46208488181989005 0.7081518198804547 -66.494319 32.595715 -889.06746
p 8.635 0.4573211677416327 0.27323178552155974 -0.4637819189182701 0.707889821935589 -66.518211 32.557956 -888.952531
p 8.666 0.45716298741997347 0.2748379139672952 -0.4624113646328614 0.7082665458709736 -66.477762 32.622628 -889.609848
m 8.666 -396.95295713804336 -564.3092241387459 -339.2875249100192 800.5061206619221
p 8.698 0.45775890057769086 0.27531461427752135 -0.4611688894817176 0.7085067042731493 -66.410725 32.591811 -889.717484
p 8.734 0.4582501511958335 0.2768034218199609 -0.4592037604402113 0.7088857453779134 -66.363855 32.632011 -891.09803
p 8.766 0.45965170596570504 0.2761615109102864 -0.4606141530196461 0.7073116357023967 -66.193464 32.644093 -891.729238
m 8.766 -396.95295713804336 -564.3092241387459 -339.2875249100192 800.5061206619221
p 8.798 0.46194740816939656 0.27871409034321787 -0.4573173322641603 0.7069538528079468 -66.155052 32.67447 -892.50131
p 8.835 0.4624975927470334 0.2769488171820708 -0.45962528010398945 0.7057901600334197 -65.908673 32.678497 -891.46079
p 8.867 0.4639360049141963 0.27188615796448423 -0.4639622842644731 0.7039747864803114 -65.782592 32.644419 -892.423472
m 8.867 -396.95295713804336 -564.3092241387459 -339.2875249100192 800.5061206619221
p 8.898 0.4641429780819601 0.2769501307614664 -0.4608616221926152 0.7039010939045343 -65.595505 32.593395 -891.440663
p 8.934 0.46426278584759134 0.2753074387569543 -0.46195479164172554 0.7037496003551263 -65.555116 32.639848 -892.197236
p 8.966 0.463414996199869 0.27491392122627867 -0.4631400144213821 0.7036829897048812 -65.443568 32.54052 -890.67884
m 8.966 -396.95295713804336 -564.3092241387459 -339.2875249100192 800.5061206619221
p 8.998 0.4647776895365815 0.27085338266757203 -0.4626540254337126 0.7046782953944304 -66.058659 32.823117 -897.408491
p 9.034 0.46323117367825106 0.27633114655989305 -0.4603067944385222 0.7051069067878998 -65.731148 32.685921 -892.438904
p 9.066 0.4631775194202202 0.27638883699266686 -0.45999564137406684 0.7053224439928167 -65.864461 32.725402 -891.941232
m 9.066 -396.95295713804336 -564.3092241387459 -339.2875249100192 800.5061206619221
p 9.098 0.46165078617186156 0.27712070118664095 -0.45877562193621096 0.7068291872864334 -66.068192 32.700115 -892.445397
p 9.134 0.46013841471858896 0.27617732913487714 -0.45988221824107867 0.7074648401157473 -66.241373 32.667693 -891.802932
p 9.166 0.4595877019580296 0.2737565986095584 -0.4588430962448851 0.7094358674327087 -66.837617 32.84172 -897.832865
m 9.166 -396.95295713804336 -564.3092241387459 -339.2875249100192 800.5061206619221
p 9.198 0.45775644986849345 0.2748508265275744 -0.461799354833732 0.7082778409635585 -66.462854 32.54545 -890.093468
p 9.234 0.45717588302825496 0.2744109974843414 -0.4619145206325892 0.7087480158702387 -66.583115 32.730673 -891.161787
p 9.266 0.4567465037594404 0.2756531147000376 -0.4622120329607874 0.7083486076784509 -66.477541 32.591299 -889.246606
m 9.266 -396.95295713804336 -564.3092241387459 -339.2875249100192 800.5061206619221
p 9.298 0.45728510502946856 0.2768775452429875 -0.46110723627321826 0.7082436021595958 -66.359366 32.513855 -888.236639
p 9.334 0.4592337285367288 0.27332316742694646 -0.4601988830976562 0.708953806675724 -66.871218 32.825244 -896.58796
p 9.366 0.45866095788094485 0.2763904148823806 -0.4603922203104474 0.7080093572827976 -66.237848 32.616314 -891.914123
m 9.366 -396.95295713804336 -564.3092241387459 -339.2875249100192 800.5061206619221
p 9.398 0.4604274343806767 0.27710154164302686 -0.4591551478079789 0.7073878002906187 -66.140262 32.648543 -892.375918
p 9.434 0.46155325947073683 0.2770751906999127 -0.4593597963449954 0.7065311387334602 -65.951314 32.533054 -891.588207
p 9.466 0.46291026266857915 0.2747973521702132 -0.464446098830524 0.7032000071103527 -65.572028 32.584396 -889.367443
m 9.466 -396.95295713804336 -564.3092241387459 -339.2875249100192 800.5061206619221
p 9.499 0.46500960186331297 0.272499496602212 -0.4624542821170204 0.7040214840471843 -65.925687 32.759679 -894.662407
p 9.534 0.463294821453452 0.27439077003416745 -0.4651303647228331 0.7026530082480257 -65.530885 32.540182 -890.615603
p 9.566 0.46446027063679524 0.27545389274232723 -0.4617028115452735 0.7037275751311725 -65.625422 32.668101 -892.13736
m 9.566 -396.95295713804336 -564.3092241387459 -339.2875249100192 800.5061206619221
p 9.598 0.46401883433561647 0.2755727041696027 -0.46239627157804897 0.7035167020050057 -65.545738 32.592794 -891.266768
p 9.634 0.46422843699722105 0.27473730504307453 -0.46177853844078376 0.7041107867374281 -65.656731 32.632846 -891.341443
p 9.666 0.463215657216026 0.2719720585699682 -0.4619276688691704 0.7057517268841784 -66.039548 32.685488 -894.472251
m 9.666 -396.95295713804336 -564.3092241387459 -339.2875249100192 800.5061206619221
p 9.698 0.46265380243389276 0.27249893140704695 -0.46040352217191355 0.7069119464261443 -66.276024 32.710212 -895.79107
p 9.734 0.4607229285890662 0.27643368638931454 -0.4605145282403018 0.7065727138801781 -66.037898 32.548685 -890.389314
p 9.766 0.46013177688873363 0.2765749993243691 -0.45982181864427807 0.7073533416899931 -66.18101 32.567638 -890.460896
m 9.766 -396.95295713804336 -564.3092241387459 -339.2875249100192 800.5061206619221
p 9.798 0.45814467157786204 0.27646537503359475 -0.461972337750902 0.7072847729168217 -66.278646 32.469081 -888.828463
p 9.834 0.45772356640566925 0.27601324748449907 -0.461462621684528 0.7080665576059924 -66.432397 32.605096 -889.873
p 9.866 0.4575230768105566 0.27571520012657835 -0.46163313942532086 0.7082008895786562 -66.371062 32.497063 -888.136701
m 9.866 -396.95295713804336 -564.3092241387459 -339.2875249100192 800.5061206619221
p 9.898 0.45740803230129307 0.27521924085091376 -0.4617385672357 0.70839978119703 -66.370789 32.570426 -889.469013
p 9.934 0.4573176844753266 0.27581684533536677 -0.4603322515342574 0.7091399720788555 -66.469008 32.664366 -891.186542
p 9.966 0.4606123232678802 0.2729345683678323 -0.45761428844163354 0.7098816802820032 -66.910634 32.870242 -899.51093
m 9.966 -396.95295713804336 -564.3092241387459 -339.2875249100192 800.5061206619221
p 9.998 0.45985727913587326 0.2755172901127178 -0.46024305181090563 0.707670650797389 -66.260352 32.706862 -892.222336
p 10.034 0.46125641779275617 0.27799095459832335 -0.4581735570801135 0.7071354184312931 -66.105763 32.646532 -892.589394
p 10.066 0.4620201884770391 0.27625700186230145 -0.45973045585491057 0.7063051748359204 -65.909138 32.658407 -891.75547
m 10.066 -396.95295713804336 -564.3092241387459 -339.2875249100192 800.5061206619221
p 10.098 0.46223769889017813 0.2752673138710655 -0.4620221122100371 0.7050528348996266 -65.658055 32.556822 -890.396407
p 10.134 0.4630380906443931 0.27563350217444016 -0.4620187638030634 0.7043864351334429 -65.593066 32.573356 -890.924112
p 10.166 0.463283259507003 0.27648759744573803 -0.4609560088446295 0.7045867583200808 -65.625422 32.56129 -890.842089
m 10.166 -396.95295713804336 -564.3092241387459 -339.2875249100192 800.5061206619221
p 10.198 0.46365080177725115 0.2772194043933707 -0.4598432561139816 0.7047847189035812 -65.691087 32.678248 -892.553427
p 10.234 0.4632300401831387 0.2755540901821164 -0.4605989496507979 0.7052208873821025 -65.7237 32.672048 -891.923302
p 10.266 0.46515463590701855 0.2717319755350747 -0.4617173841419756 0.7047054349158945 -65.958102 32.767266 -894.669285
m 10.266 -396.95295713804336 -564.3092241387459 -339.2875249100192 800.5061206619221
p 10.298 0.4624514811072273 0.27595412506043293 -0.4595781684268491 0.706240575158352 -65.886374 32.663 -891.167015
p 10.334 0.460893377626671 0.2780355613737452 -0.45869082097341257 0.7070192713073669 -66.103305 32.640555 -892.254259
p 10.366 0.4594609171221993 0.27651354774527476 -0.46080995511551787 0.707170594694095 -66.118472 32.536469 -890.378166
m 10.366 -396.95295713804336 -564.3092241387459 -339.2875249100192 800.5061206619221
