m -1 0 -300.0 0 0
m -1 0 -300.0 0 0
m -1 0 -300.0 0 0
m -1 0 -300.0 0 0
m -1 0 -300.0 0 0
p 0.075 0.45735013175240763 0.2750614881667531 -0.46226111820539745 0.7081571153352906 -66.384364 32.553658 -888.831262
m 0.075 0 -300.0 0 0
p 0.152 0.6671993705033001 0.19591932453622338 -0.45102260778963305 0.5594991789611612 162.69906 208.542365 -902.828374
m 0.152 0 -300.0 0 0
p 0.195 0.6670359810385045 0.19614346709798797 -0.45117581143291846 0.5594915575902901 162.6877 208.510782 -902.674487
p 0.222 0.6664017181850599 0.19551570238271487 -0.4540185622930512 0.5581659528325313 162.915751 208.836679 -904.467036
p 0.25 0.6669302812138612 0.19570561372987977 -0.45298962801648995 0.5583046091748837 162.848476 208.737087 -904.177612
p 0.278 0.6677299229478937 0.1942491949849634 -0.4538215820285277 0.5571803617209358 163.618552 209.696052 -908.073461
m 0.278 0 -300.0 0 0
p 0.305 0.6672964108999837 0.1953565879729253 -0.4533738606385892 0.5576768343442757 163.57325 209.652589 -907.700213
p 0.332 0.6670101198632595 0.1957560254509598 -0.4536970144651459 0.5576167271288908 163.575754 209.61994 -907.52448
p 0.366 0.6662401969260034 0.19725581045149132 -0.4533755264147597 0.5582693774949608 163.597631 209.573696 -907.371538
m 0.366 0 -300.0 0 0
p 0.398 0.6659183508509132 0.1969051458522667 -0.453974949952508 0.5582902911820097 163.526904 209.57339 -907.499412
p 0.434 0.6662081131298238 0.1957263765333192 -0.45479932475838264 0.5576879696864318 163.357073 209.408306 -906.736471
p 0.466 0.6660305923904697 0.19646920350962604 -0.45379747334910076 0.5584544527677499 163.415289 209.443359 -906.960875
m 0.466 0 -300.0 0 0
p 0.499 0.6668573685579249 0.19498434917377022 -0.4539962580824393 0.5578258073453198 163.455033 209.53344 -907.260476
p 0.53 0.6671841949566851 0.19470372796890606 -0.4544678250654382 0.5571486147451872 163.393095 209.386187 -906.728441
p 0.566 0.6672636285607061 0.19479781968690743 -0.45435265316940326 0.5571145107996542 163.508001 209.518158 -907.27053
m 0.566 0 -300.0 0 0
p 0.598 0.6666702708235909 0.19595969059578644 -0.45419529451332646 0.557545860775838 163.464477 209.458153 -906.811516
p 0.635 0.666602580253032 0.1963433744140607 -0.45423391533387747 0.5574599634147002 163.555526 209.542291 -907.126379
p 0.666 0.6664602388740082 0.1956849672237607 -0.4544607199849148 0.5576765549103713 163.506076 209.567078 -907.367858
m 0.666 0 -300.0 0 0
p 0.698 0.6664105341304262 0.1953187912460659 -0.4545722711230609 0.5577740461216233 163.391853 209.415316 -906.719996
p 0.73 0.6675631056312205 0.19472466183865242 -0.45287291560868587 0.5579854501512453 163.705193 209.802465 -908.659948
p 0.767 0.6670745835362041 0.19526527200227323 -0.453249917568761 0.5580747778254926 163.530745 209.559467 -907.598967
m 0.767 0 -300.0 0 0
p 0.798 0.6663334375521012 0.19642793325941393 -0.4533436009300977 0.5584760257073287 163.309917 209.287252 -906.249909
p 0.835 0.6652651726943174 0.1975885036452966 -0.45348308070625826 0.5592262533348423 163.609044 209.614153 -907.8756
p 0.866 0.6661981687155857 0.19742473962901333 -0.45318009591961356 0.5584186770090361 163.458829 209.447242 -906.668899
m 0.866 -327.13835712686614 880.9355959530362 -890.7381133135059 -676.1732418090321
p 0.898 0.666949585800906 0.19613401490146382 -0.45376480688053367 0.5575009084884492 163.655692 209.690613 -907.777058
p 0.93 0.6671907523339934 0.19554902333941215 -0.4532369475178546 0.5578468357032665 163.779321 209.829824 -908.690746
p 0.967 0.6667645761436342 0.1965345111132163 -0.45288286271367634 0.5582982559646501 163.518256 209.67042 -908.017115
m 0.967 -327.13835712686614 880.9355959530362 -890.7381133135059 -676.1732418090321
p 0.998 0.6657428182113571 0.19812981288237325 -0.4523867802421938 0.5593545132044917 163.807221 210.055472 -909.18554
p 1.034 0.663625082407228 0.2037539773353921 -0.45051077472165146 0.5613610152417328 163.543082 209.646688 -906.668025
p 1.066 0.6629937782513499 0.21021652777435582 -0.44524399727939534 0.5639204503337869 163.781001 209.986182 -906.488321
m 1.066 -327.13835712686614 880.9355959530362 -890.7381133135059 -676.1732418090321
p 1.098 0.6639580182511542 0.21384974064172044 -0.44162430747102477 0.5642660977072231 163.466979 209.544639 -903.385093
p 1.131 0.6636766908668708 0.217137729836149 -0.4369831033559308 0.5669481167231128 163.234637 209.34051 -901.401275
p 1.167 0.6623224290328692 0.22014806325208103 -0.43549521706698185 0.5685138891488657 162.389765 208.547257 -896.739947
m 1.167 -327.13835712686614 880.9355959530362 -890.7381133135059 -676.1732418090321
p 1.198 0.6624626404560486 0.2179337991054282 -0.43312631154939296 0.5710072944484732 163.165103 209.758724 -901.123953
p 1.234 0.6616165808079479 0.22099695539891995 -0.4329376837113254 0.5709541764184608 162.350928 208.873884 -897.230837
p 1.266 0.6598528244995243 0.2262334030519977 -0.4300659775386088 0.5731107543365113 162.306201 208.931518 -897.174712
m 1.266 -327.13835712686614 880.9355959530362 -890.7381133135059 -676.1732418090321
p 1.298 0.658236659568578 0.22935823735334065 -0.43160920296691724 0.5725668640926471 162.1338 208.905017 -896.089689
p 1.33 0.6581413222097516 0.23181495349318984 -0.4317408593126473 0.5715869636280166 162.348267 209.107316 -896.861619
p 1.366 0.6599793557377382 0.2352547070604105 -0.4280024027179552 0.5708731594776099 163.019567 210.348243 -899.969029
m 1.366 -746.5022120017679 -316.840735351559 856.1376729809863 -754.5602050323163
p 1.398 0.6607775722586231 0.2344192758699954 -0.4279083641315432 0.5703636379663485 162.575125 209.840306 -897.135972
p 1.435 0.6620405954320324 0.23476015077077864 -0.4257069006713717 0.5704064865592811 162.324709 209.80952 -895.682077
p 1.466 0.6582546999452416 0.2409291570773333 -0.4216608708195923 0.5752009822816261 161.16248 208.566649 -888.870776
p 1.498 0.6573064353861142 0.24179475727578967 -0.4217553413076723 0.5758524177199866 160.779622 207.912894 -886.205663
m 1.498 -746.5022120017679 -316.840735351559 856.1376729809863 -754.5602050323163
p 1.53 0.6567021775508285 0.24042900327946504 -0.4191306339603178 0.5790208453672581 162.450143 210.285005 -895.351239
p 1.566 0.6554397378859478 0.23905286930781802 -0.42165127322214657 0.5791916907943992 162.807446 210.75125 -896.990004
p 1.598 0.6551585685923675 0.23885820548180348 -0.4233631570994174 0.5783405242094152 163.457527 211.505538 -899.675181
m 1.598 -746.5022120017679 -316.840735351559 856.1376729809863 -754.5602050323163
p 1.634 0.6559272063270436 0.23720658100347664 -0.4255083449928439 0.5765719829151832 164.385485 212.419996 -902.987774
p 1.666 0.6582317221161558 0.23955545547556317 -0.4255739135443357 0.572914503098732 163.634339 211.887361 -896.222804
p 1.698 0.6603996895819986 0.2432375461921759 -0.42062368347844215 0.5725237397360313 164.51128 212.861153 -898.862194
m 1.698 -746.5022120017679 -316.840735351559 856.1376729809863 -754.5602050323163
p 1.73 0.6645671523631003 0.23580724602888342 -0.42585801749854 0.5669129878904304 163.603474 212.019599 -892.236423
p 1.766 0.6610773404073081 0.241076936477368 -0.42132589180623037 0.5721388056758431 163.578405 212.116052 -890.838104
p 1.798 0.6593614335097254 0.24079926718622394 -0.4205792694363124 0.5747795984710259 164.367241 213.229082 -894.714628
m 1.798 -746.5022120017679 -316.840735351559 856.1376729809863 -754.5602050323163
p 1.835 0.6571430590061801 0.24097074119519957 -0.4193162298887015 0.5781610180507543 164.968712 214.221296 -897.83068
p 1.866 0.654304974763298 0.24508181381015992 -0.418123062718529 0.5805110226120597 164.08608 213.665969 -892.408414
p 1.898 0.6558869948398123 0.2431474495678165 -0.4194171437523097 0.5786023400154244 164.534815 214.428611 -893.948503
m 1.898 -499.7952430410671 -456.38211186558976 -680.2802439240115 655.7108712783745
p 1.93 0.6585091115542746 0.2433808389100636 -0.4184854775199066 0.5761955200656738 165.466761 215.335359 -897.036757
p 1.967 0.6575980915422428 0.24573216084161878 -0.4172080994891024 0.5771633234364685 166.203469 216.02564 -898.753886
p 1.998 0.6601039690836589 0.24516062253746299 -0.4204985320499135 0.5721363871274281 164.711654 214.528588 -888.865422
p 2.034 0.6612348296936573 0.24745369217136617 -0.41873512641231625 0.5711359762687687 165.095875 214.798249 -889.810136
m 2.034 -499.7952430410671 -456.38211186558976 -680.2802439240115 655.7108712783745
p 2.067 0.6603302204200562 0.24470445998550602 -0.4189964224626854 0.573171556133287 166.022301 216.287962 -894.964956
p 2.098 0.6597548787239091 0.23854427617784985 -0.421531555079839 0.5745705901155355 166.613308 217.65222 -899.604057
p 2.13 0.6581722798781485 0.2349969829003353 -0.4276942505875743 0.5732913881907278 164.330157 215.859115 -888.452164
m 2.13 -499.7952430410671 -456.38211186558976 -680.2802439240115 655.7108712783745
p 2.166 0.657759074433793 0.23317276182320107 -0.42761097631699924 0.574571320548221 163.849709 215.560168 -886.931074
p 2.198 0.6570791428739767 0.2337142362003924 -0.42687019218595945 0.5756791310488284 164.676657 216.869987 -891.37712
p 2.235 0.658109793271609 0.23243500030528882 -0.4279384730015225 0.5742252339406159 166.810521 219.647533 -901.501603
m 2.235 -499.7952430410671 -456.38211186558976 -680.2802439240115 655.7108712783745
p 2.266 0.6594899544344857 0.23737624651802264 -0.4255868464905966 0.5723646697904299 164.841109 217.616969 -889.11398
p 2.298 0.6614028651283573 0.2375556688426319 -0.4235674877907159 0.5715801517228588 165.986265 219.126702 -894.108314
p 2.331 0.6648834484328813 0.23196396355408613 -0.4256084290667468 0.5683131395293628 166.456691 220.103224 -896.23442
m 2.331 -499.7952430410671 -456.38211186558976 -680.2802439240115 655.7108712783745
p 2.366 0.6648924725096533 0.22860087350108066 -0.42769848021684637 0.5680967458907666 166.192458 220.472701 -895.580155
p 2.398 0.6608793384574828 0.23070474612788783 -0.42840914146420206 0.5713838034055798 165.784888 220.681561 -894.914861
p 2.434 0.6578540871652315 0.2283329281228167 -0.4311229580135828 0.5737811125055657 165.750598 221.178377 -895.718901
m 2.434 -541.5263391466831 543.113279063483 -671.4203991825975 812.252676670224
p 2.466 0.6580469208194807 0.22525597386795315 -0.43284717394511935 0.5734784831605099 165.820325 221.599304 -896.265655
p 2.498 0.6585423296949102 0.2256472261530138 -0.43435210935114277 0.5716147361011611 164.788095 220.869182 -889.972322
p 2.53 0.6599513239626087 0.2215943732363597 -0.4350574649597452 0.5710387059112134 166.359671 222.828379 -897.383814
p 2.566 0.6618538358278209 0.22949440160004475 -0.42771263786048863 0.5712647257337342 165.663373 221.771746 -892.833862
m 2.566 -541.5263391466831 543.113279063483 -671.4203991825975 812.252676670224
p 2.598 0.6646944786892698 0.2230818139070451 -0.4318758605699159 0.5673614150423782 166.663763 222.815812 -897.816714
p 2.635 0.6611660154605649 0.23308593665790395 -0.4275060928579423 0.5707617166879443 165.70674 221.799521 -892.736529
p 2.666 0.6598094421876668 0.2339114752409114 -0.42640947826869235 0.5728104598607766 166.607338 223.372336 -898.979333
m 2.666 -541.5263391466831 543.113279063483 -671.4203991825975 812.252676670224
p 2.698 0.6598560449067661 0.23006684741586333 -0.42975888784964933 0.5718099469003306 166.425533 223.417014 -899.183398
p 2.73 0.6578719480263618 0.23060186781808326 -0.4301870612495846 0.5735557673981868 164.065233 220.414186 -887.86267
p 2.767 0.6593413380033137 0.22888827273748386 -0.42796573449271863 0.574216613122621 164.514382 221.395749 -891.305308
m 2.767 -541.5263391466831 543.113279063483 -671.4203991825975 812.252676670224
p 2.798 0.6595858549120045 0.23025774259555887 -0.42606470091371457 0.5748015928124776 164.914346 221.973062 -893.365949
p 2.834 0.6599905302350937 0.2339200229812493 -0.42396971953571433 0.5744074840967196 165.306257 222.332313 -894.687952
p 2.866 0.6614113697238656 0.23544537806329904 -0.4241543354737365 0.5720082346905394 165.688129 222.594122 -895.812573
m 2.866 -541.5263391466831 543.113279063483 -671.4203991825975 812.252676670224
p 2.898 0.6617612862656744 0.23606926431366126 -0.42413934726202307 0.5713574635555287 166.21438 223.439608 -899.210903
p 2.931 0.6615094481562602 0.23717461698738881 -0.42439416516645734 0.5710016705774625 165.755803 223.108386 -897.637604
p 2.966 0.6605927262693709 0.2376615632549077 -0.4234859677911821 0.5725327951094882 164.645649 222.132359 -893.734055
m 2.966 684.2052470479965 -693.7692297061642 -679.3630495338563 -813.6053296270499
p 2.999 0.6597783718795275 0.23589777512200594 -0.42395410629052094 0.5738536850206627 163.946488 221.533711 -891.880881
p 3.034 0.6574488573265603 0.23926119613265487 -0.4223088943055089 0.5763421683335429 163.308321 220.928533 -889.258971
p 3.066 0.6559386404230201 0.24234736331051054 -0.42042728237834986 0.5781463030679705 163.228706 220.978778 -888.564618
m 3.066 684.2052470479965 -693.7692297061642 -679.3630495338563 -813.6053296270499
p 3.099 0.6568230355278353 0.24329536474246843 -0.4196004632793064 0.5773446263121041 163.290887 221.016866 -887.835229
p 3.13 0.6575115968559033 0.24346490733468001 -0.4178405389558618 0.5777650946638041 163.734111 221.660293 -889.90819
p 3.166 0.6605537449746235 0.2396848874213594 -0.42211818814336116 0.5727448415488647 161.846832 219.829325 -880.792408
m 3.166 684.2052470479965 -693.7692297061642 -679.3630495338563 -813.6053296270499
p 3.198 0.6632444873498761 0.22677233338338743 -0.4289813265344332 0.5697857384537077 162.365794 220.928909 -886.445601
p 3.234 0.6627706994127003 0.221222438061797 -0.4332674939529732 0.5692756941945916 162.512972 221.618618 -889.834962
p 3.266 0.6599284052077165 0.2190112576750015 -0.4421153835743218 0.5666235868151531 161.627454 220.924962 -887.00949
m 3.266 684.2052470479965 -693.7692297061642 -679.3630495338563 -813.6053296270499
p 3.298 0.6591054543849566 0.21502553052341228 -0.4465544899406885 0.5656261035616594 162.63666 222.770149 -893.552594
p 3.33 0.6595822541578874 0.21835259983438682 -0.44407691103509567 0.5657463457327581 162.879607 223.422918 -894.664008
p 3.366 0.6605323610543241 0.2139736193612111 -0.44506562786834025 0.565534365952553 163.508643 224.520926 -898.021234
m 3.366 684.2052470479965 -693.7692297061642 -679.3630495338563 -813.6053296270499
p 3.398 0.6637825321594415 0.21140922395693987 -0.442280017590885 0.56487777522584 162.93818 224.181132 -895.005555
p 3.435 0.6642098689420386 0.21034880168604075 -0.4397811801039204 0.5667192217417172 162.853779 224.670013 -895.424231
p 3.466 0.663856159118826 0.2093247130288759 -0.44021396199427465 0.5671774597975894 162.774987 225.134955 -896.260571
m 3.466 684.2052470479965 -693.7692297061642 -679.3630495338563 -813.6053296270499
p 3.498 0.6615937197404461 0.2089250485240811 -0.44356527464488194 0.5673568820261167 162.324246 225.090333 -895.130928
p 3.531 0.6598541505514683 0.20915455314580936 -0.44621527310834724 0.5672200435311288 162.540606 225.90165 -897.424438
p 3.566 0.6601471426886585 0.20663272046355485 -0.45033331325075127 0.5645426994989897 162.672698 226.452933 -898.244173
m 3.566 -336.20307401619726 -641.2021153731862 618.4643379478921 -619.0615834124717
p 3.598 0.6613049599088154 0.20592995403932493 -0.45100032221310465 0.5629097353985197 162.326773 226.397685 -896.60662
p 3.635 0.6647542779102666 0.20453159087206854 -0.4485296445737925 0.5613284673744814 162.890002 227.021053 -898.772027
p 3.666 0.6654205437165281 0.20336612880056879 -0.4487214932263947 0.5608088802244335 163.098568 226.70179 -897.545534
m 3.666 -336.20307401619726 -641.2021153731862 618.4643379478921 -619.0615834124717
p 3.698 0.6642531520437068 0.20984281304671687 -0.4476742023505423 0.5606435571351207 162.828226 225.938185 -893.721566
p 3.73 0.660714764478591 0.21892238190582602 -0.4411801668001702 0.5664709949313197 163.409054 226.564804 -894.728233
p 3.766 0.6578234945637014 0.22627194259566866 -0.4360546596017371 0.5708985816158516 163.122516 225.922378 -891.263401
m 3.766 -336.20307401619726 -641.2021153731862 618.4643379478921 -619.0615834124717
p 3.798 0.6583790701412067 0.22699574876817796 -0.4304742706040369 0.57419694389574 164.134607 227.208483 -895.462083
p 3.835 0.6581614543559963 0.22926821223167745 -0.42622178516134535 0.5767103155127851 162.518716 225.44743 -884.831933
p 3.866 0.6609012785583033 0.2286967886182811 -0.42255176235880715 0.5765040292116607 163.532892 226.566406 -888.545065
m 3.866 -336.20307401619726 -641.2021153731862 618.4643379478921 -619.0615834124717
p 3.898 0.6606911154238415 0.2317452080489636 -0.4210719555711479 0.5766105992746828 164.787415 227.83386 -892.839242
p 3.93 0.656516374510187 0.24312493366077237 -0.41770664167302474 0.579135593203853 165.395924 228.390571 -893.001998
p 3.966 0.6547995876602245 0.24534529805379526 -0.4232390417200541 0.576117879591199 165.118078 227.660752 -889.416395
m 3.966 -336.20307401619726 -641.2021153731862 618.4643379478921 -619.0615834124717
p 3.998 0.6571759657808554 0.24400884747734863 -0.42721054119258667 0.5710259040805172 164.678902 226.982709 -885.297689
p 4.036 0.6581703806766147 0.242906707280941 -0.4254536640073832 0.571661625996 165.682692 228.357928 -889.642002
p 4.067 0.6553237749387703 0.24821127543434227 -0.4186380999615543 0.5776537712756867 165.067934 227.803532 -885.407733
m 4.067 378.1505333770402 -596.3362108211135 -638.2867408155645 484.69462140396143
p 4.098 0.6565742532265486 0.24411404987684812 -0.4186994062728564 0.5779353944131427 165.054751 227.760118 -884.163673
p 4.13 0.6543116612135229 0.24977126297412588 -0.4134088784209024 0.5818794353960862 165.030657 227.943266 -882.331711
p 4.167 0.651960696668135 0.25452646278839786 -0.40947598737825563 0.5852285298023369 165.852151 228.925486 -885.588254
m 4.167 378.1505333770402 -596.3362108211135 -638.2867408155645 484.69462140396143
p 4.198 0.6526869463992673 0.25259812672758103 -0.411418523813611 0.5838909481834059 165.505029 228.396368 -884.291531
p 4.234 0.6549536243124393 0.24540707010932605 -0.4175574267370396 0.5800490842367944 164.444945 227.122268 -881.028264
p 4.266 0.6586677842433164 0.232804007829469 -0.42243602413263676 0.5775005383586282 164.494836 228.171305 -885.028959
m 4.266 378.1505333770402 -596.3362108211135 -638.2867408155645 484.69462140396143
p 4.298 0.6612792526610826 0.21644222077742398 -0.43364697870987107 0.5725493405038777 165.39083 229.842931 -893.932997
p 4.33 0.662350549180719 0.2114560034308749 -0.44470409266564 0.5646383179761796 164.619712 229.268831 -891.920922
p 4.366 0.6617520305975646 0.21227739924447311 -0.45084901323323273 0.5601407065804993 165.396872 230.549356 -896.251665
m 4.366 378.1505333770402 -596.3362108211135 -638.2867408155645 484.69462140396143
p 4.398 0.6606617894202752 0.21314309720191985 -0.45605634354059915 0.5568738133362209 165.029152 230.093504 -893.295283
p 4.435 0.6621597239337349 0.21265941571235147 -0.4526381463062138 0.5580677692154233 165.08971 230.479479 -893.540268
p 4.466 0.6655018782843516 0.207741337043873 -0.44660279662352476 0.5608000701096979 165.182696 231.037471 -894.705927
m 4.466 378.1505333770402 -596.3362108211135 -638.2867408155645 484.69462140396143
p 4.498 0.6664246018868152 0.1997787891129085 -0.44325757056935616 0.565234234950972 164.718449 231.261315 -894.132391
p 4.53 0.6652144391096754 0.1971740123012797 -0.4427651185596703 0.5679533211961887 164.558863 231.823234 -895.098637
p 4.566 0.6625975399893965 0.19735245319820022 -0.4464229523169277 0.5680873038043933 165.06465 233.20418 -898.714823
p 4.598 0.6599935605746469 0.20248303617332838 -0.44923165574805074 0.5670975784583704 165.357521 233.838561 -899.873457
m 4.598 472.56929802788284 891.5598904112817 327.6486919335315 -822.7909562823908
p 4.634 0.6607673569419118 0.20317665300739446 -0.45720327559485974 0.5595274889351137 164.163904 232.06186 -892.228661
p 4.666 0.665022368044865 0.19866399439828603 -0.4594751465252753 0.554220831824915 164.669078 232.827474 -893.901019
p 4.698 0.6681820485466518 0.19443391255808237 -0.4579534135428598 0.5531789589438413 164.867167 233.182259 -894.818879
m 4.698 472.56929802788284 891.5598904112817 327.6486919335315 -822.7909562823908
p 4.731 0.6709811845350061 0.18955263266903793 -0.45537528777613434 0.553613139327337 165.513827 233.605503 -898.870623
p 4.766 0.6695405140840993 0.18398513220445234 -0.4563726818204452 0.5564073303459669 166.861257 234.701144 -907.186805
p 4.798 0.6639595243687675 0.19320680748116145 -0.45577815950106587 0.5604419190368105 165.291457 231.711735 -899.581555
m 4.798 472.56929802788284 891.5598904112817 327.6486919335315 -822.7909562823908
p 4.836 0.6596622241723412 0.1970910190637703 -0.45785515515754727 0.5624674058993315 164.977688 230.668245 -897.871419
p 4.866 0.6574190064182812 0.2031349089336071 -0.45506480202012134 0.5652011827652987 164.728109 229.881408 -894.998878
p 4.898 0.661348244119541 0.2053226136266199 -0.4496186428919469 0.5641846082115807 165.812159 230.314317 -897.837763
m 4.898 472.56929802788284 891.5598904112817 327.6486919335315 -822.7909562823908
p 4.931 0.6663098003181402 0.2049140654014222 -0.4439466444269057 0.562985866065442 165.941395 229.055448 -895.293338
p 4.967 0.6702148909118627 0.20375890158781737 -0.44211155857318385 0.560206890493239 165.941487 228.038568 -893.147175
p 4.998 0.6689067573287026 0.20736148720327505 -0.4409553301239216 0.5613585090686711 165.872375 227.547668 -892.859977
m 4.998 472.56929802788284 891.5598904112817 327.6486919335315 -822.7909562823908
p 5.034 0.6634864354302958 0.20841157047969094 -0.44565379819443796 0.5636871080227102 166.005583 227.260314 -894.526076
p 5.07 0.6572341667929323 0.21353424257417838 -0.4467155921498225 0.5682354461612511 165.98878 226.729896 -895.645832
p 5.098 0.657517490261666 0.21121947637428024 -0.44926713642619925 0.5667590680389331 165.659982 225.59389 -894.250423
m 5.098 -727.569116743177 -390.7885912032104 -498.0544367034694 616.134621561768
p 5.13 0.6592471084502382 0.21165166780633995 -0.44547142677709217 0.567584211145985 166.333949 225.879242 -896.810851
p 5.166 0.6635007535790748 0.21173864421731486 -0.4395398172901148 0.5672197777770079 166.775533 225.559278 -897.38431
p 5.198 0.6669375907834255 0.21244379078043285 -0.4357667854028278 0.565834802558828 167.385573 225.254968 -898.367969
p 5.234 0.6675499981274811 0.21385926207842937 -0.4373095660532851 0.5633836432551068 167.431505 224.787389 -896.895802
m 5.234 -727.569116743177 -390.7885912032104 -498.0544367034694 616.134621561768
p 5.266 0.6636874264290382 0.21819006091338564 -0.437573077981237 0.566075964436204 167.809226 226.072413 -899.437509
p 5.298 0.6609967851661609 0.21473894152801176 -0.44394391407854406 0.5655829323073367 167.163532 226.395603 -897.657682
p 5.33 0.6604477647778059 0.2081724056500588 -0.4482466529349188 0.5652861890229931 166.142938 225.907402 -895.039942
m 5.33 -727.569116743177 -390.7885912032104 -498.0544367034694 616.134621561768
p 5.366 0.6621414123886226 0.20381862163424314 -0.4456302603632017 0.5669574398703634 166.343733 226.520902 -897.659413
p 5.398 0.664838326211719 0.19792781915839028 -0.4474629218431424 0.5644391052757954 166.882195 227.770943 -900.752102
p 5.434 0.6675146065817587 0.19622267244568095 -0.4501186146901175 0.5597446802150778 167.122228 228.655842 -900.646968
m 5.434 -727.569116743177 -390.7885912032104 -498.0544367034694 616.134621561768
p 5.466 0.6665928292443596 0.20017729586329636 -0.45267513654783775 0.5573766078779698 167.17078 229.343826 -899.432691
p 5.498 0.6666644583296757 0.20045203899847894 -0.45523875798088337 0.555099338769605 167.752129 230.436103 -901.466332
p 5.53 0.6660294663151174 0.19807869872469272 -0.4585131220838728 0.5540175302475574 167.372449 230.608105 -900.188168
m 5.53 -727.569116743177 -390.7885912032104 -498.0544367034694 616.134621561768
p 5.566 0.664484198457721 0.19564423097153846 -0.4573220111257996 0.5577104028359817 167.191969 231.286692 -900.613048
p 5.598 0.6639811744319263 0.18921131326876248 -0.4564779268919984 0.5612094353711284 167.182509 232.389981 -902.463862
p 5.635 0.6647616114066757 0.18753640081020492 -0.4552827582199954 0.5618183174111151 166.322591 232.188783 -898.911462
m 5.635 -687.808625912726 -413.2821481631381 475.9993808327397 674.5324245790185
p 5.666 0.6645015048891915 0.18836187590105177 -0.4556171021019529 0.5615788636358736 166.749265 233.389067 -900.752774
p 5.698 0.6656434856588022 0.19021180666207235 -0.4580729122560564 0.5575908996279861 167.139572 234.055331 -900.805229
p 5.731 0.6658291822982828 0.1916903064528374 -0.46192891236511546 0.5536679073264925 167.242073 234.483968 -899.436386
p 5.767 0.6669846325066269 0.19335190604817828 -0.4605881980301064 0.5528155852921193 167.750741 235.359858 -900.98135
p 5.798 0.6676535403935188 0.19309266288622454 -0.46009266994816633 0.5525111119497345 167.320122 234.354094 -897.247613
m 5.798 -687.808625912726 -413.2821481631381 475.9993808327397 674.5324245790185
p 5.834 0.6678156557014817 0.19062595929452922 -0.4572747694559962 0.5555032243296611 167.988937 234.917443 -900.424338
p 5.866 0.6667582020492886 0.18904266886046098 -0.45619348823175754 0.5581967328727172 167.639941 234.324931 -898.621837
p 5.898 0.6641560434114863 0.19184986911435276 -0.45332908280631473 0.5626573057748634 168.056176 235.000458 -900.461591
m 5.898 -687.808625912726 -413.2821481631381 475.9993808327397 674.5324245790185
p 5.93 0.6628480217968521 0.19567268172333854 -0.4528881283921269 0.563238084331827 167.66791 234.163659 -896.820604
p 5.966 0.6622524065641439 0.19510385876942116 -0.4590130545196549 0.5591633134580888 167.63544 233.496949 -893.610038
p 5.998 0.6649238678224748 0.19951983440519208 -0.4550020906766041 0.5577108417155026 168.576126 233.898689 -894.912218
m 5.998 -687.808625912726 -413.2821481631381 475.9993808327397 674.5324245790185
p 6.035 0.6668736761936251 0.19945156743806028 -0.45293960577970016 0.5570852670635845 169.326895 234.527351 -895.998551
p 6.069 0.6682076772980089 0.2009569847251441 -0.45019948171867014 0.5571669746529405 169.343262 234.456009 -894.825972
p 6.098 0.6673765803502547 0.1970266920828874 -0.4514812309444041 0.558527990005842 169.388436 234.542042 -894.728863
m 6.098 -687.808625912726 -413.2821481631381 475.9993808327397 674.5324245790185
p 6.13 0.6657783039420855 0.19260578069416134 -0.4557846030777184 0.5584824524896869 168.913571 233.948101 -892.722638
p 6.166 0.663275960667956 0.19324686495635934 -0.4551906263811411 0.5617137844477281 169.49218 234.547903 -895.940556
p 6.198 0.6624330154815654 0.19559034192432337 -0.4550554440298556 0.5620070124816421 169.639637 234.458015 -895.251723
m 6.198 -508.050370531207 646.9318492895958 -873.5818760174925 -611.1260302052566
p 6.234 0.6629191127128559 0.19937575711027897 -0.4541112093873139 0.5608659380455205 170.100305 234.630468 -894.960467
p 6.266 0.6647817310967563 0.20142588722930893 -0.4514256122906628 0.560096242996496 170.710138 234.962134 -895.198753
p 6.298 0.6687222891455017 0.20032643172575962 -0.4501894955298801 0.5567845666932554 171.107528 235.286144 -895.835714
p 6.33 0.6667653260330804 0.20363873869659438 -0.44817005074012256 0.5595525673473455 170.815481 234.858831 -894.395926
m 6.33 -508.050370531207 646.9318492895958 -873.5818760174925 -611.1260302052566
p 6.367 0.6652275926327772 0.20186098936236999 -0.4507423524230194 0.5599606121654523 170.423105 234.623124 -893.454755
p 6.398 0.6635452132296639 0.20201524677958066 -0.45000588361813704 0.5624876685996332 170.371347 234.992731 -895.159182
p 6.434 0.6611860555093401 0.2019794562925617 -0.4503297483650484 0.5650138064575726 169.776067 234.525931 -893.770256
m 6.434 -508.050370531207 646.9318492895958 -873.5818760174925 -611.1260302052566
p 6.466 0.6603675113147224 0.2029210972738727 -0.4490397315422702 0.5666579496847174 169.515422 234.37737 -892.63976
p 6.498 0.6634112600792964 0.2063452314385462 -0.44523852363418454 0.564862661443534 169.739376 234.683624 -892.96117
p 6.53 0.6658188567470885 0.20577481189007957 -0.44259147516444763 0.5643179014719952 171.07042 236.28027 -898.665193
m 6.53 -508.050370531207 646.9318492895958 -873.5818760174925 -611.1260302052566
p 6.566 0.6658772409385982 0.2130088570080429 -0.4399050335270596 0.5636650825773004 169.93365 234.376804 -891.373899
p 6.598 0.6648550593926469 0.213716505564087 -0.4417650822546306 0.5631486813712903 169.799123 234.291329 -890.986561
p 6.635 0.6635440829364692 0.21593591697165143 -0.4403057121797482 0.5649884606625211 169.232431 233.921447 -889.212501
m 6.635 -508.050370531207 646.9318492895958 -873.5818760174925 -611.1260302052566
p 6.666 0.6616152582883802 0.21740127392483105 -0.43949258478748543 0.5673164959511819 168.7353 233.715494 -888.461219
p 6.698 0.6600403396762958 0.21524328356911512 -0.4415877825633261 0.5683459441039255 167.994763 233.013055 -886.100193
p 6.73 0.6603540716918462 0.21584443272201592 -0.43995564266858034 0.5690189795261009 167.641648 232.681033 -884.879277
m 6.73 348.9823303046178 -715.0415813269742 -886.9396623672968 543.9290418655258
p 6.766 0.6593068329692936 0.22426356380093262 -0.4322975824721572 0.572834196635104 167.969382 233.244215 -885.54331
p 6.798 0.6610414132261306 0.22596314998029143 -0.4307808774192295 0.5713076252770412 168.182544 233.266623 -885.551125
p 6.835 0.6628534905995442 0.2277475371872226 -0.42971147325839526 0.5693018975560924 168.973101 234.020325 -888.049788
m 6.835 348.9823303046178 -715.0415813269742 -886.9396623672968 543.9290418655258
p 6.866 0.662279963459563 0.2287514470596694 -0.43000055220210204 0.5693487207891693 168.630801 233.473475 -886.27129
p 6.898 0.6611505123646204 0.22473097611101678 -0.4317719560997137 0.5709195454602191 168.403442 233.808561 -887.290655
p 6.93 0.6628434958570537 0.20936767256131958 -0.4387404444905594 0.5694824681230717 169.269811 235.971577 -896.003326
m 6.93 348.9823303046178 -715.0415813269742 -886.9396623672968 543.9290418655258
p 6.966 0.6597908759599513 0.20359367626076968 -0.4495234941957621 0.5667045629510884 166.672792 233.061625 -885.993921
p 6.998 0.6610170194480623 0.19634517142746233 -0.45278221466961255 0.5652373373260129 167.887821 235.240389 -894.84992
p 7.034 0.6640598617594651 0.19229102277266183 -0.4583156090681488 0.5585656073493483 168.77383 236.527041 -899.778698
m 7.034 348.9823303046178 -715.0415813269742 -886.9396623672968 543.9290418655258
p 7.067 0.6666982075872111 0.19052848583425028 -0.46230962749315846 0.5527043507939806 169.7136 237.916961 -903.78306
p 7.098 0.6669930659309735 0.18951621307121902 -0.46591151523629215 0.5496635103519072 169.433252 237.72868 -901.381067
p 7.13 0.6684246404793888 0.19084425120610674 -0.46285285021526673 0.5500496656381675 168.964321 237.398164 -898.844418
m 7.13 348.9823303046178 -715.0415813269742 -886.9396623672968 543.9290418655258
p 7.166 0.6670204269735672 0.18852008861339276 -0.46010022720362903 0.5548439523497022 168.847431 237.821899 -899.455112
p 7.198 0.6665208173793223 0.18368781110451513 -0.46197919400432014 0.5555032796361785 168.182705 237.567532 -897.673044
p 7.235 0.6634197389285308 0.18606546166287338 -0.4587401190255899 0.561080305812396 167.686176 237.510028 -896.492859
m 7.235 348.9823303046178 -715.0415813269742 -886.9396623672968 543.9290418655258
p 7.266 0.6621442441039566 0.18859863407706967 -0.45906462633582484 0.5614758465553178 167.427659 237.508955 -895.393208
p 7.298 0.6628278434103384 0.19210304948093854 -0.45802730379878415 0.5603272458940387 168.368738 238.807747 -898.248149
p 7.33 0.6650404123058988 0.19407692767493365 -0.46186742086090743 0.5538355161348937 167.438758 237.453079 -890.62116
m 7.33 348.9823303046178 -715.0415813269742 -886.9396623672968 543.9290418655258
p 7.367 0.6689721593609109 0.1928215519809227 -0.45772383157548185 0.5529781693058831 168.810756 239.273436 -895.888716
p 7.398 0.6709809982406357 0.19351404934038624 -0.4541376742396485 0.5532589610933604 169.218267 239.649799 -897.362713
p 7.434 0.6695173634790961 0.19017169224465583 -0.45807475164843225 0.5529453307622227 168.576473 238.65044 -894.905592
m 7.434 348.9823303046178 -715.0415813269742 -886.9396623672968 543.9290418655258
p 7.466 0.6648296774362588 0.19004679587594644 -0.4589449905073674 0.5579007866049439 168.260173 238.81215 -896.420842
p 7.498 0.6615107708873681 0.18831137070209533 -0.46018865209351506 0.5613986443513728 167.892491 238.815123 -896.914036
p 7.53 0.6604797498788286 0.18775935223260223 -0.4619997813043945 0.5613105474740365 167.436572 238.46589 -895.899028
m 7.53 348.9823303046178 -715.0415813269742 -886.9396623672968 543.9290418655258
p 7.566 0.6632699299681841 0.18604981836869838 -0.4628911037995152 0.5578441495421754 167.704833 238.492209 -896.223337
p 7.598 0.6666813331720035 0.18568541496580562 -0.46395216816457435 0.5529965842089696 167.947685 238.26345 -895.096989
p 7.634 0.6695502221641032 0.18959332070669838 -0.46080374524075746 0.5508328394066406 168.793325 239.01711 -897.252047
m 7.634 348.9823303046178 -715.0415813269742 -886.9396623672968 543.9290418655258
p 7.666 0.6717817726017877 0.18743103063416597 -0.46163168256103815 0.5481556883775147 168.938946 239.319056 -897.5352
p 7.698 0.6665881412086477 0.18932267497464866 -0.46440182604914304 0.5514960847239729 167.915772 238.107406 -893.408522
p 7.731 0.6654013826255548 0.18717274002132023 -0.46262602999914126 0.5551438720226871 168.164617 238.724917 -896.542725
m 7.731 348.9823303046178 -715.0415813269742 -886.9396623672968 543.9290418655258
p 7.766 0.6621882285272067 0.1881523177739198 -0.4609980770557564 0.5599876802774736 167.609628 238.165873 -895.379199
p 7.798 0.6616494540162486 0.18931852696265328 -0.4575285268694044 0.563068551993169 168.063791 239.085195 -898.297911
p 7.835 0.6647117796458852 0.1884260273929919 -0.45896847226406523 0.5585714160170266 167.900044 238.647586 -895.732994
m 7.835 348.9823303046178 -715.0415813269742 -886.9396623672968 543.9290418655258
p 7.866 0.6667040197868915 0.19029658774301947 -0.45802333709883525 0.5563342037724018 168.215384 238.584694 -894.970322
p 7.898 0.668426510545475 0.18872231727771646 -0.46123469840896647 0.5521343695641643 168.684448 238.718246 -895.570283
p 7.93 0.6683621772661885 0.1893557928691642 -0.4629712909034982 0.5505394567733786 168.341292 238.275448 -893.585417
m 7.93 348.9823303046178 -715.0415813269742 -886.9396623672968 543.9290418655258
p 7.966 0.6666470205438557 0.19356120409078048 -0.45911065461645656 0.554376212014717 168.664219 239.085852 -896.644674
p 7.998 0.6656455513259291 0.1875728001956774 -0.46273275527260604 0.5546270072181869 168.257195 238.887689 -896.615779
p 8.034 0.6622695825719311 0.18841420968695496 -0.4610373298653453 0.5597712921682235 167.492003 238.002813 -894.421869
m 8.034 348.9823303046178 -715.0415813269742 -886.9396623672968 543.9290418655258
p 8.066 0.6637844153036436 0.1849663040730418 -0.46027029703648864 0.5597577939970663 167.683492 238.394473 -896.175942
p 8.098 0.6662916028286714 0.1806540101796108 -0.4637365211991893 0.5553090395094479 168.133581 238.991648 -897.779336
p 8.13 0.6658900059319107 0.18735226372019873 -0.46205266224022723 0.5549745404014786 168.09314 238.550877 -895.793973
m 8.13 348.9823303046178 -715.0415813269742 -886.9396623672968 543.9290418655258
p 8.166 0.6682420968481408 0.1893935605029103 -0.46252810389800864 0.5510446763782396 168.423216 238.568562 -895.698766
p 8.198 0.6680256357356356 0.19023409163041635 -0.46282692378942625 0.5507670369488683 168.617242 238.712258 -896.107932
p 8.235 0.666317304292782 0.19105011858443932 -0.4622692492234238 0.5530173051577937 168.273127 238.474738 -894.947469
m 8.235 348.9823303046178 -715.0415813269742 -886.9396623672968 543.9290418655258
p 8.266 0.6659286748594027 0.18790375714999624 -0.4606683291792003 0.555892115740709 168.468966 239.138843 -897.632396
p 8.298 0.6646598754250176 0.18821431024402607 -0.4579707023917373 0.5595222665761088 167.742749 238.365816 -895.349632
p 8.33 0.6639734557947328 0.187069601828178 -0.458446790821867 0.5603311348564175 167.592154 238.159516 -894.816283
m 8.33 348.9823303046178 -715.0415813269742 -886.9396623672968 543.9290418655258
p 8.366 0.6646969234169812 0.18724699274998982 -0.45980918405465265 0.5582939185160062 167.64515 238.141844 -894.234755
p 8.398 0.6658000826073845 0.18901281824293403 -0.4607148722462443 0.5556315021038374 168.375772 238.85857 -896.709489
p 8.434 0.6665701388451182 0.1917202595084956 -0.46236807207412645 0.5523976076065364 167.903732 237.935086 -892.561954
m 8.434 348.9823303046178 -715.0415813269742 -886.9396623672968 543.9290418655258
p 8.466 0.667835870555034 0.19180311457895005 -0.46351134110651393 0.5498764983899411 167.955546 237.701295 -892.088129
p 8.498 0.6672149203967189 0.19061511682679302 -0.4611014241364272 0.5530601740449547 168.419783 238.679044 -895.680614
p 8.53 0.6658391322233922 0.1882936041643414 -0.4607933585631647 0.5557637454625401 168.202909 238.723263 -896.234021
m 8.53 348.9823303046178 -715.0415813269742 -886.9396623672968 543.9290418655258
p 8.566 0.6651616344919481 0.18437060052880203 -0.4620756580988897 0.5568244330310718 167.957345 238.662148 -896.640254
p 8.598 0.6639333550891987 0.18630522032347935 -0.46062793449940864 0.5588426114698696 167.514946 238.121048 -895.224239
p 8.635 0.6644986832191618 0.18695259018147237 -0.4605957208481857 0.5579800372271199 168.103143 238.832151 -897.415783
m 8.635 348.9823303046178 -715.0415813269742 -886.9396623672968 543.9290418655258
p 8.666 0.6666265821282557 0.18625007362234527 -0.46287645628363727 0.553774046665567 168.489889 239.193534 -897.993659
p 8.698 0.6658565911665965 0.190265444062117 -0.4647727515286704 0.5517430552971451 168.03069 238.0965 -893.735416
p 8.73 0.668296528496146 0.1906874337455651 -0.4632965858684474 0.5498853941781613 167.841297 237.695528 -891.853833
m 8.73 348.9823303046178 -715.0415813269742 -886.9396623672968 543.9290418655258
p 8.767 0.6679146652080639 0.18983600241881496 -0.4601781724679657 0.5532525624136253 168.50892 238.779837 -896.02272
p 8.798 0.6654402677926847 0.18954105440354077 -0.45999583255662574 0.5564774449678573 168.165163 238.655266 -895.826034
p 8.834 0.664027296125694 0.1892919172651107 -0.45920062590662125 0.5589017231149326 167.619422 238.056397 -894.281418
m 8.834 348.9823303046178 -715.0415813269742 -886.9396623672968 543.9290418655258
p 8.866 0.6628638623427892 0.18914932178813165 -0.4585062895506424 0.5608972235806251 167.915336 238.560798 -896.486705
p 8.898 0.6652845255978829 0.18667201057831914 -0.45997237005473784 0.5576516298294925 168.748863 239.68196 -899.963236
p 8.93 0.6662902895885546 0.188596850297184 -0.4606509426837553 0.5552380933368398 168.359992 238.871768 -896.716247
m 8.93 348.9823303046178 -715.0415813269742 -886.9396623672968 543.9290418655258
p 8.966 0.667540822721727 0.18912139258429653 -0.46358250981304033 0.5511018764366368 167.770747 237.710836 -892.264619
p 8.998 0.6680297523314362 0.18808069485154197 -0.4646394848683351 0.5499747559412869 168.04763 237.970355 -892.943652
p 9.035 0.6676288265196464 0.18897214288617512 -0.46116155829430755 0.5530741563765209 168.405499 238.716607 -896.06279
m 9.035 348.9823303046178 -715.0415813269742 -886.9396623672968 543.9290418655258
p 9.066 0.6663846486827258 0.18543531914228387 -0.46370253368054515 0.5536472077039967 168.141413 238.65114 -896.157063
p 9.099 0.664252587499665 0.1872905764180599 -0.461208591077042 0.5576534543799379 167.801169 238.343589 -895.731113
p 9.131 0.6631449690678503 0.188170393836212 -0.459698126683382 0.5599179173777453 167.931721 238.61124 -896.996721
m 9.131 348.9823303046178 -715.0415813269742 -886.9396623672968 543.9290418655258
p 9.167 0.6657446958106388 0.18410586035650897 -0.46151062401763726 0.5566837442823793 168.768386 239.684963 -900.533025
p 9.198 0.6669044159397958 0.18705041834849878 -0.4614087006252164 0.5543939148745672 168.509234 239.050821 -897.634978
p 9.234 0.6666918328583304 0.18913911013335494 -0.4625765380652758 0.5529657509368926 168.451146 238.638121 -895.726888
m 9.234 561.7304781522319 -684.0279528712769 -554.4954997077375 778.429537312715
p 9.267 0.6683071898461066 0.18776619780029 -0.46464972204100713 0.5497363421821047 168.297366 238.299183 -894.509558
p 9.298 0.6665429468533892 0.1914865360177219 -0.4594197589901974 0.554965740386664 168.41679 238.795363 -895.654439
p 9.33 0.6652946715553943 0.1881808999120713 -0.46065865713833865 0.5565650317540075 168.430728 239.482653 -897.459016
m 9.33 561.7304781522319 -684.0279528712769 -554.4954997077375 778.429537312715
p 9.367 0.6646974875836377 0.18690833397255388 -0.45871769593778405 0.5593036786576108 168.472826 240.530678 -899.385116
p 9.398 0.6639463457238093 0.1846568639011691 -0.4600838636546558 0.5598212150633893 168.232522 241.037996 -899.196296
p 9.435 0.6648616397416834 0.18375627754289944 -0.4633035380409057 0.5563653817412573 167.839759 241.06986 -897.047483
m 9.435 561.7304781522319 -684.0279528712769 -554.4954997077375 778.429537312715
p 9.467 0.6666245195010456 0.1838144958900027 -0.4638728263872612 0.5537562588851352 168.563106 242.243679 -900.002627
p 9.498 0.6678980086809662 0.18286137765435226 -0.4661303012638735 0.5506323498797409 168.638333 242.618523 -899.360826
p 9.531 0.669083888611884 0.17827174145152688 -0.4703707641995822 0.5470805025053154 168.834515 243.527936 -900.249395
m 9.531 561.7304781522319 -684.0279528712769 -554.4954997077375 778.429537312715
p 9.568 0.669000747383738 0.18017804983237012 -0.4677244401051713 0.5488241252881522 168.517324 243.830553 -899.271874
p 9.598 0.6657289238120874 0.17907251095139437 -0.46908056542267074 0.5519979481974969 167.484897 243.080357 -895.388876
p 9.634 0.6647238148283842 0.1768008718483207 -0.4693058124907715 0.5537472733619929 167.278544 243.489844 -895.654835
m 9.634 561.7304781522319 -684.0279528712769 -554.4954997077375 778.429537312715
p 9.667 0.6652349209114025 0.17678078270287065 -0.46804443094091197 0.5542068499574473 167.459141 244.268199 -897.0174
p 9.698 0.6655933443176848 0.17871159772779527 -0.46727780957429915 0.5538043659043334 167.561704 244.761913 -896.990449
p 9.73 0.666375269649167 0.17941392102222573 -0.46714931387518543 0.5527441019741337 168.009394 245.670879 -897.712217
m 9.73 -724.525746622335 324.0566676848972 -757.229853773914 -627.4992098792599
p 9.766 0.6685708638581253 0.17935458525372694 -0.46731097164039676 0.5499686269278204 168.470995 246.732585 -898.816511
p 9.798 0.6690988342539539 0.17956016936415703 -0.4678090649328468 0.5488348375460198 168.203671 246.752629 -896.859012
p 9.834 0.667592690193654 0.18368273320133138 -0.465376575513249 0.5513668819429788 167.780984 246.270387 -895.075167
m 9.834 -724.525746622335 324.0566676848972 -757.229853773914 -627.4992098792599
p 9.867 0.6663214314428135 0.18320474809833104 -0.46611062670982883 0.5524424588939435 166.786652 244.80495 -891.346336
p 9.898 0.6642049758922317 0.18464330206990007 -0.4635218210860754 0.5566741644826098 167.011321 244.890775 -893.849738
p 9.93 0.6644951090865906 0.1856714192668687 -0.46172612229117077 0.5574773913824664 166.80097 244.897411 -894.398305
m 9.93 -724.525746622335 324.0566676848972 -757.229853773914 -627.4992098792599
p 9.966 0.6653164660520586 0.18612270448498225 -0.4607574224324303 0.5571487689153265 166.613598 244.862126 -894.451415
p 9.998 0.6664861213858846 0.18463812831407936 -0.462686303742935 0.5546405816093098 166.112337 244.066946 -892.484795
p 10.034 0.6661056597867939 0.18494213071156132 -0.4643460019526053 0.5536084922593703 165.818075 243.47748 -891.502439
m 10.034 -724.525746622335 324.0566676848972 -757.229853773914 -627.4992098792599
p 10.066 0.6665309445179571 0.18419549911338345 -0.46621016256752085 0.5517759573278022 166.107581 243.725425 -894.070232
p 10.098 0.6643632289643971 0.18885188783788584 -0.46524737752541107 0.5536259894656371 165.161616 242.627384 -891.459874
p 10.13 0.6653249206214961 0.18428852760462575 -0.46674638266956686 0.5527460923250409 165.054565 242.592053 -893.334353
m 10.13 -724.525746622335 324.0566676848972 -757.229853773914 -627.4992098792599
p 10.167 0.6659343060692998 0.1810794231517654 -0.4663759580628666 0.5533852913738468 164.99865 242.861591 -895.761572
p 10.198 0.6647809789697656 0.1804605633962582 -0.46584102102308256 0.5554205244744116 164.600408 242.290765 -895.807129
p 10.234 0.6654528533262142 0.17759297207801833 -0.46788213236102866 0.5538228563569403 164.657569 242.400747 -897.581716
p 10.266 0.6650785667874134 0.1796483242230099 -0.46841495961119844 0.5531587069134858 164.228091 241.725529 -896.10089
m 10.266 -689.4179878263305 -785.628967061305 -889.153985513424 -324.9683856149417
p 10.298 0.6658117226363621 0.1803813239040753 -0.4696312626666919 0.551002614594044 164.019563 241.488185 -895.630113
p 10.33 0.666775636927445 0.18357599351417117 -0.46686281375615596 0.5511347890474702 164.440615 241.897903 -897.407108
p 10.366 0.6648620157596612 0.18274205341867508 -0.4695414125039278 0.5514478813789452 163.854061 240.571137 -893.800437
m 10.366 -689.4179878263305 -785.628967061305 -889.153985513424 -324.9683856149417
p 10.398 0.6664486101718571 0.18331083317661467 -0.463498228198487 0.5544482265552539 164.619649 242.310315 -898.483706
p 10.435 0.6649343952601641 0.1817645482945899 -0.4645048476987757 0.5559307845029837 164.308866 242.726884 -898.030836
p 10.466 0.6647020008996513 0.18399072040474151 -0.46280739276192145 0.5568909067506828 163.54609 242.352671 -894.234724
m 10.466 -689.4179878263305 -785.628967061305 -889.153985513424 -324.9683856149417
p 10.498 0.6632850066148036 0.18854564591813114 -0.4597118839700825 0.559614639707304 163.681255 242.869806 -894.732166
p 10.53 0.6642828840185482 0.19025930524573176 -0.45860733029438344 0.55875630537793 164.047359 243.295561 -895.834745
p 10.566 0.665085144925069 0.19044742010328683 -0.4594111029715212 0.5570752900243204 163.987325 243.398499 -894.998861
m 10.566 -689.4179878263305 -785.628967061305 -889.153985513424 -324.9683856149417
p 10.598 0.6660003753752696 0.1899522202652164 -0.45954553678373905 0.5560391010160249 163.95591 243.840242 -894.625061
p 10.635 0.6653339387104794 0.1910228722832446 -0.4580263868556509 0.5577210606739719 163.786107 244.273644 -893.983235
p 10.666 0.6660598696813974 0.18612928903718715 -0.4611011922200149 0.5559725436951101 163.775458 244.612399 -894.730665
m 10.666 -689.4179878263305 -785.628967061305 -889.153985513424 -324.9683856149417
p 10.698 0.6643033945419818 0.18788704231453712 -0.4611706827288224 0.5574237660719921 163.310622 244.30302 -893.681533
p 10.735 0.6645391260114034 0.18250768879170373 -0.4650185187059959 0.5557306342766983 164.024738 245.684509 -898.350138
p 10.766 0.6636766908668708 0.1866707113642647 -0.463117063217238 0.5569647165356726 163.526921 245.629504 -896.230441
m 10.766 -669.4236007704595 -532.9909678731524 533.6896685871284 872.2718618796365
p 10.799 0.664441494790926 0.18629894576188427 -0.4632247570523096 0.5560869585910848 163.372093 245.863291 -895.136316
p 10.834 0.6658259907813752 0.1855578660349526 -0.4628213741526714 0.5550136298619495 163.590621 246.626122 -895.889232
p 10.866 0.6661473185414769 0.18552390223620635 -0.4632901633166059 0.5542478964088354 163.404066 246.576169 -894.645417
p 10.898 0.6653675675895241 0.18305483454994545 -0.4682580954895725 0.5518254388775844 163.005884 245.943173 -892.13416
m 10.898 -669.4236007704595 -532.9909678731524 533.6896685871284 872.2718618796365
p 10.934 0.6649640967751568 0.18758569162596064 -0.4629941699004257 0.5552217056386999 163.090381 245.655891 -891.666481
p 10.966 0.6637232103821592 0.18866486517459588 -0.46093762462193905 0.5580447454696335 163.419267 245.827007 -892.828438
p 10.998 0.6636610580710608 0.18895337985398683 -0.46029972119788093 0.5585471612232356 163.591662 245.781216 -892.015747
m 10.998 -669.4236007704595 -532.9909678731524 533.6896685871284 872.2718618796365
p 11.034 0.6647508931923295 0.18971091470728263 -0.45913778097278046 0.5579499836680771 163.825092 245.868167 -891.498962
p 11.066 0.664036520080033 0.18764781187784976 -0.46137710914314567 0.5576508050421226 164.43276 246.235566 -892.551613
p 11.099 0.6645904754057192 0.1940341530192358 -0.4566202966040709 0.5587200144168731 164.494978 245.848093 -890.734829
m 11.099 -669.4236007704595 -532.9909678731524 533.6896685871284 872.2718618796365
p 11.134 0.6649347712369988 0.197071586068845 -0.45409566932149464 0.5593048612996135 164.77825 245.665524 -890.513009
p 11.166 0.6641799454967006 0.19739906464949317 -0.45524108647074785 0.5591545672494939 164.591473 245.175561 -888.654561
p 11.198 0.6632612607411954 0.1958236635965387 -0.45623952115315364 0.5599848385309611 164.77483 245.473018 -889.006802
m 11.198 -669.4236007704595 -532.9909678731524 533.6896685871284 872.2718618796365
p 11.234 0.6635868443542261 0.1941546929330403 -0.4557666454257727 0.5605649104782934 165.013489 245.717924 -889.847074
p 11.266 0.6639717614477291 0.1942153378915224 -0.4555555184161433 0.5602595194544058 165.240889 245.630903 -890.083643
p 11.299 0.6639813626902491 0.1937528027575303 -0.4568558201256495 0.559348907769357 165.346374 245.299953 -889.021164
m 11.299 -664.2554344440055 439.33041496886904 721.7703583698453 -469.08487376953383
p 11.335 0.6641025899663395 0.19381192295383737 -0.45738904589334 0.55874876202306 166.07813 245.968611 -891.479918
p 11.366 0.6643935204380007 0.1965254717022552 -0.4560520093577206 0.558547741036601 166.156973 245.918395 -890.733629
p 11.398 0.6656027343693836 0.1966060132309748 -0.4550323103569443 0.5579108690889436 166.794541 246.589245 -893.097783
p 11.434 0.6641742994124359 0.19692119992553733 -0.4553526088973164 0.5592391189008501 166.162936 245.639678 -890.083363
m 11.434 -664.2554344440055 439.33041496886904 721.7703583698453 -469.08487376953383
p 11.466 0.6652336055852861 0.19479397750206834 -0.45674556644304404 0.5575864581790819 166.086029 245.294976 -889.930314
p 11.498 0.6627929540965264 0.19963247826067 -0.451922803567368 0.5626889177003619 166.291359 245.072277 -891.04171
p 11.534 0.6627478781557885 0.20232807138234185 -0.449007850207028 0.5641104442919362 166.442446 244.727689 -891.349857
m 11.534 -664.2554344440055 439.33041496886904 721.7703583698453 -469.08487376953383
p 11.566 0.6636128389354745 0.2043525863929012 -0.4471726322776194 0.5638212193124564 166.507472 244.369073 -891.217869
p 11.598 0.663582888567811 0.2056314325622577 -0.4480175048540593 0.5627198296296052 166.202207 243.538332 -888.782476
p 11.634 0.6633907219731069 0.20557530499428442 -0.44585187914640495 0.564683809393382 167.470142 244.776085 -895.037143
m 11.634 -664.2554344440055 439.33041496886904 721.7703583698453 -469.08487376953383
p 11.666 0.6631306432370624 0.21027756961934138 -0.4451245814235096 0.5638304515304039 166.016178 242.151052 -886.638474
p 11.698 0.6623896134451386 0.2138386489233976 -0.44092327849308843 0.5666566811755838 166.447876 242.208615 -888.576818
p 11.735 0.6598223245692737 0.21927228681516095 -0.43662019194040425 0.5708911868750391 166.703456 242.16041 -890.055237
m 11.735 -664.2554344440055 439.33041496886904 721.7703583698453 -469.08487376953383
p 11.766 0.6593462671464819 0.21723335239293803 -0.4370651118526433 0.5718797068979689 166.505223 241.721404 -889.185329
p 11.798 0.6602565789145913 0.22012124474234165 -0.43770483964747253 0.5692294662445417 164.936892 238.982347 -880.318749
p 11.834 0.6593794431129925 0.2238544157566437 -0.43200012219851275 0.5731347162050366 167.189923 241.337627 -892.167016
m 11.834 -405.6977425993223 874.252683976439 -521.4442505567893 -448.3272568588867
p 11.866 0.6594990523116769 0.2257012341083003 -0.431938073301999 0.5723192454590841 166.700614 240.239021 -888.763703
p 11.898 0.6604326233613843 0.22775374001731194 -0.4299507473673399 0.5719258659233661 166.719223 239.953674 -887.931721
p 11.934 0.6612055278050842 0.23097583667664195 -0.4273466995020293 0.5716925133019031 166.561894 239.392681 -886.162862
p 11.998 0.6600642014228615 0.23238837929604952 -0.42582638081887786 0.5735699636245827 166.073921 239.061079 -884.368222
m 11.998 -405.6977425993223 874.252683976439 -521.4442505567893 -448.3272568588867
p 12.034 0.657912418183454 0.23440202029595683 -0.424340675573254 0.5763172111067714 165.901167 239.304486 -884.643112
p 12.066 0.6573016811175824 0.2344730044474511 -0.4227244627270244 0.578170588813719 167.054501 241.426795 -891.737196
p 12.098 0.6553632580485421 0.2386645849902295 -0.42474230372460414 0.5771760857121206 165.795539 239.836309 -885.102186
m 12.098 -405.6977425993223 874.252683976439 -521.4442505567893 -448.3272568588867
p 12.135 0.6559317799893521 0.24009509038052165 -0.4241420502670508 0.5763781562865228 165.916087 240.225737 -885.504891
p 12.166 0.6554630042954369 0.24407022051833854 -0.42160846331373003 0.5770996952095001 165.338582 239.717759 -881.677824
p 12.198 0.6565314158515189 0.24541323706654006 -0.4192887702760845 0.5770058992663262 165.305371 239.953086 -880.88003
m 12.198 -405.6977425993223 874.252683976439 -521.4442505567893 -448.3272568588867
p 12.234 0.6548486466352359 0.24794813402194077 -0.4155074632864932 0.580558961148418 165.297393 240.339121 -881.358177
p 12.266 0.654934538713603 0.24816182441566542 -0.4169252556695687 0.5793529392193574 164.351192 239.451247 -877.155157
p 12.298 0.6543640042056103 0.24526639449680168 -0.4205755485192082 0.5785915752802252 164.255237 239.899503 -878.06958
m 12.298 -405.6977425993223 874.252683976439 -521.4442505567893 -448.3272568588867
p 12.334 0.654223585634147 0.24642454588935464 -0.4189339944605242 0.5794483083830501 165.02333 241.582358 -883.343924
p 12.366 0.6527802080333013 0.2485488193473584 -0.42050945574317494 0.5790279719704947 164.512994 241.441775 -881.588137
p 12.398 0.6511349706474073 0.2540713637842433 -0.41619865652515936 0.5815925531130247 164.698261 242.13522 -882.841161
m 12.398 763.4891953671511 561.5831808157086 -632.6957733315901 -652.5208884646936
p 12.434 0.6522215881125065 0.2538845739209668 -0.416946487139415 0.5799183236093 163.915563 241.229261 -878.629139
p 12.466 0.6558829926137741 0.25087554007806795 -0.41938349232662114 0.575322891810681 163.750487 241.407563 -877.961379
p 12.498 0.6563019503246962 0.2504456979271222 -0.4181360422047091 0.5759399310225949 164.109746 241.861237 -879.131368
p 12.535 0.6537312138792212 0.2561993315358863 -0.41375070404695763 0.5794893099138296 163.516356 240.790569 -876.685008
m 12.535 763.4891953671511 561.5831808157086 -632.6957733315901 -652.5208884646936
p 12.566 0.654068230385791 0.25651949170660243 -0.41207245280974164 0.5801627144864971 163.592352 241.279496 -878.813334
p 12.598 0.6523394438480629 0.25269321295002584 -0.4154209937106269 0.5813989995189316 163.321491 241.643015 -880.419902
p 12.634 0.6529649684324573 0.24935526080499387 -0.418139966460149 0.5801877103904503 162.921472 241.575237 -881.003617
m 12.634 763.4891953671511 561.5831808157086 -632.6957733315901 -652.5208884646936
p 12.666 0.6541865177455126 0.2436854714606253 -0.4234782321022547 0.577341843273704 162.12283 240.432542 -878.924219
p 12.698 0.6546374951070248 0.24594260365987447 -0.42341868907873004 0.5759153009382127 161.676387 239.933648 -877.458016
p 12.735 0.6561539453512414 0.24867563649663765 -0.42094085078182086 0.574831566086363 162.038353 240.42308 -878.967251
m 12.735 763.4891953671511 561.5831808157086 -632.6957733315901 -652.5208884646936
p 12.766 0.6586617113511306 0.24998682504594838 -0.4190777985770134 0.5727522846684634 161.901642 240.232174 -877.934493
p 12.798 0.6592391447722139 0.2489153614455031 -0.4179120766488988 0.5734057253693784 161.79736 240.36595 -878.261686
p 12.835 0.6577642054718393 0.24590536951455455 -0.4196028724336176 0.5751612764160926 161.459857 240.160511 -878.387249
m 12.835 763.4891953671511 561.5831808157086 -632.6957733315901 -652.5208884646936
p 12.866 0.6557896004054958 0.2433127940750168 -0.42017325347889234 0.5780947117270309 161.940538 241.341971 -883.628701
p 12.898 0.6508242850416693 0.24715234771809622 -0.4196923905236753 0.5824102737280792 160.184588 239.389531 -877.313662
p 12.935 0.6501745919366582 0.24722782463892384 -0.4213856607098718 0.581881012718592 159.98792 239.671455 -878.565892
m 12.935 -709.9355972036643 -812.3680779360346 -655.1302417265323 682.7654551330575
p 12.966 0.6496485588377765 0.24677265549053934 -0.4218677102744668 0.5823125362992836 160.25316 240.24223 -881.11861
p 12.998 0.651669011078477 0.2447442601820961 -0.42226190799620855 0.5806225914806229 160.554433 240.682264 -882.955428
p 13.034 0.6560341073450373 0.24165397534220026 -0.423269532621962 0.5762512890220383 160.881208 240.984023 -883.795371
m 13.034 -709.9355972036643 -812.3680779360346 -655.1302417265323 682.7654551330575
p 13.066 0.6572832342301149 0.23980111128898535 -0.42414972036605586 0.5749530496432756 161.098974 241.33044 -884.115373
p 13.098 0.6580005699085678 0.2403010836631513 -0.4247845864918308 0.5734527707968886 160.528111 240.802666 -881.064441
p 13.134 0.6560464922549316 0.2404898156801539 -0.4262857180117751 0.5744985369932322 159.918671 240.523709 -878.890607
m 13.134 -709.9355972036643 -812.3680779360346 -655.1302417265323 682.7654551330575
p 13.166 0.6547993967620923 0.23872616678172476 -0.4271044710531574 0.5760466516389384 159.539171 240.443093 -878.362
p 13.198 0.6546458966494788 0.23627047964652234 -0.4274826305828688 0.5769523675823696 159.232289 240.52088 -878.489791
p 13.234 0.6547457521817153 0.23434249017841116 -0.42830480238407187 0.577015198252325 159.452324 241.359654 -880.552769
m 13.234 -709.9355972036643 -812.3680779360346 -655.1302417265323 682.7654551330575
p 13.266 0.6556496778005766 0.23425848467619714 -0.4267202585053324 0.5771969587013303 160.465083 243.120082 -885.566041
p 13.298 0.6559738942976314 0.23476086676420055 -0.42710541141272934 0.5763388654434218 160.512069 243.332682 -884.82819
p 13.334 0.6576226121416446 0.23584005041267425 -0.42708917670170543 0.5740271745988749 160.586644 243.499266 -884.244472
m 13.334 -709.9355972036643 -812.3680779360346 -655.1302417265323 682.7654551330575
p 13.366 0.6572560383899109 0.23763570188356833 -0.4246746833756965 0.575496044017488 161.160413 244.782864 -887.363461
p 13.398 0.6565662571287074 0.2336908093190696 -0.4300948258214305 0.5738708712320233 159.802918 243.296558 -881.122902
p 13.435 0.6568713724923625 0.22979270572756622 -0.4318737455761149 0.5737599715603104 159.682279 243.806036 -881.96844
m 13.435 -709.9355972036643 -812.3680779360346 -655.1302417265323 682.7654551330575
p 13.466 0.6564727717125821 0.22466773391870928 -0.43508925626096256 0.573816639823906 159.179836 243.758061 -881.024632
p 13.498 0.6554252436395778 0.22501498291558078 -0.4341967337414518 0.575551145856447 159.379536 244.479138 -882.989978
p 13.534 0.6544287585367867 0.22787048713052138 -0.4326655060714047 0.57671327104245 159.178671 244.608329 -881.546895
m 13.534 -582.9106252723293 -845.267106455002 305.2800125261051 504.1868403037167
p 13.566 0.656595004549989 0.22854042287885773 -0.43294115555269613 0.5737718797574523 158.921287 244.230592 -878.874227
p 13.598 0.6586744264050335 0.2280003503698384 -0.4350556033638809 0.5699917667201704 158.732091 243.399529 -875.763546
p 13.635 0.6584770307307612 0.22806262480156766 -0.4328613401802059 0.5718620125323207 161.472939 246.124519 -888.06326
m 13.635 -582.9106252723293 -845.267106455002 305.2800125261051 504.1868403037167
p 13.666 0.6580321040800365 0.23191307696658897 -0.43207048445985635 0.5714238677240362 161.066182 244.359686 -882.962812
p 13.698 0.6546527705585611 0.2422391031274406 -0.42737274259343044 0.574545418449969 160.748954 243.271973 -878.223679
p 13.734 0.655897476744651 0.23972839593834022 -0.4245522507298941 0.5762676537131265 162.598367 245.667032 -886.11859
m 13.734 -582.9106252723293 -845.267106455002 305.2800125261051 504.1868403037167
p 13.766 0.6550473265345031 0.2452639580256918 -0.41910483239799856 0.5788867989220419 161.379287 243.630453 -878.0613
p 13.798 0.6562244280732011 0.24327881311695346 -0.4165171827000479 0.5802572774043767 161.736348 243.514818 -878.122469
p 13.835 0.6561649944945249 0.24537349805444916 -0.4158089082612232 0.5799501698397523 161.216312 241.967472 -873.419669
m 13.835 -582.9106252723293 -845.267106455002 305.2800125261051 504.1868403037167
p 13.866 0.6538019577823242 0.2530854305809384 -0.41540293167862186 0.5795960007298785 161.17982 241.111963 -870.504866
p 13.898 0.6538612238082329 0.2566943777801168 -0.4165513110162361 0.5771121397935522 162.175176 241.866017 -873.235049
p 13.934 0.650946042310728 0.2565320151686064 -0.42048377624107885 0.5776277533929839 162.823232 241.836603 -874.601698
m 13.934 -582.9106252723293 -845.267106455002 305.2800125261051 504.1868403037167
p 13.966 0.6516958646485337 0.2571932078936771 -0.4193731536832684 0.5772953618524185 163.219085 241.922062 -874.952755
p 13.998 0.6524561287933465 0.25579995747555 -0.4176736763956642 0.5782875404937842 163.526785 241.969873 -875.164016
p 14.035 0.6532549272680613 0.25529772993440364 -0.41561224977732236 0.5790920729554143 163.487013 241.547116 -873.329129
m 14.035 -647.6219807907082 -498.44098508371076 -591.9437526039244 -599.9110099266131
p 14.066 0.6534766636996305 0.2588807059187654 -0.4112556957711479 0.5803600511958334 163.292728 240.841345 -870.3639
p 14.098 0.6501403694587808 0.26405413056092975 -0.4062461160808522 0.5852836062414748 164.68046 243.057751 -877.035571
p 14.134 0.6490233046663271 0.26484796272203603 -0.40713098913427864 0.585550237206632 164.588755 242.883564 -876.316665
m 14.134 -647.6219807907082 -498.44098508371076 -591.9437526039244 -599.9110099266131
p 14.166 0.649985192139021 0.2598282269234811 -0.4129182529785936 0.5826721201965418 164.721603 244.08029 -878.234059
p 14.198 0.6503266486927934 0.2523527989047923 -0.4164453364234421 0.5830666031634849 164.479604 244.438591 -878.079615
p 14.234 0.6529259146335058 0.24921357286199208 -0.42134221331132105 0.5779717752692101 163.32371 243.13075 -872.471814
m 14.234 -647.6219807907082 -498.44098508371076 -591.9437526039244 -599.9110099266131
p 14.266 0.6540751103657744 0.2503882924216675 -0.4198294594124474 0.5772651244730151 164.562842 245.207837 -878.365346
p 14.298 0.6529904287200541 0.2563697607760338 -0.41679783964594813 0.5780636030759136 164.795066 245.721791 -878.179289
p 14.334 0.6535112852889383 0.2540036472768923 -0.41625103670509567 0.5789131091022092 166.910072 249.781494 -888.208159
m 14.334 -647.6219807907082 -498.44098508371076 -591.9437526039244 -599.9110099266131
p 14.366 0.6543924663380531 0.2575140434348255 -0.41411769532812165 0.5778959408200773 164.518407 246.539151 -875.201404
p 14.398 0.6530756081802475 0.25833264615425083 -0.4108525056503794 0.5813404225245768 163.626406 245.807115 -871.34851
p 14.435 0.6534209975199757 0.24975398804047622 -0.41327299095824455 0.5829832549700924 164.779385 248.925496 -879.146312
m 14.435 -647.6219807907082 -498.44098508371076 -591.9437526039244 -599.9110099266131
p 14.466 0.6509508429981483 0.2494543201635609 -0.41648498180187654 0.5835886136199082 163.543714 247.700662 -873.869115
p 14.498 0.64706877532454 0.25443431406101447 -0.41536813434583747 0.5865446834606458 163.44966 248.325518 -873.891584
p 14.534 0.6506437197114869 0.24766703361319645 -0.42531302710907337 0.5783011325566124 164.49722 250.322175 -878.656876
m 14.534 371.19090452555554 -509.21908748436874 -573.2539680799437 742.226966356488
p 14.566 0.650421786227983 0.2522974375622782 -0.42298360206459457 0.5782582286814221 163.663194 249.055841 -873.254686
p 14.598 0.6540431942922424 0.2520766234383176 -0.41686696288467734 0.5787113959798746 165.758283 253.04623 -883.23345
p 14.635 0.6562594761220595 0.2513662750818982 -0.41526143227730455 0.5776644205431489 164.710414 251.601 -877.125684
p 14.666 0.6570410946052004 0.24861344494464607 -0.4145764279229362 0.5784588713258115 164.873165 251.886687 -878.294682
m 14.666 371.19090452555554 -509.21908748436874 -573.2539680799437 742.226966356488
p 14.698 0.655683612727968 0.24376505207293 -0.41866457338760754 0.5791181030439122 164.581636 251.647153 -878.567183
p 14.734 0.6542331388732919 0.2414143225334068 -0.4197326360950108 0.5809672078895002 164.51815 252.2383 -881.394929
p 14.766 0.653685513071844 0.2310713592078625 -0.4256068008798333 0.5815151053503944 164.681643 253.515854 -885.824514
m 14.766 371.19090452555554 -509.21908748436874 -573.2539680799437 742.226966356488
p 14.798 0.6540460610690962 0.22640186802433243 -0.4311917260674493 0.578825823644866 163.00288 251.663612 -879.601714
p 14.835 0.655458808774434 0.2227550351684204 -0.4345673537176058 0.5761120988000198 163.4554 252.832009 -882.979441
p 14.866 0.6629360828918577 0.21134503554071193 -0.44507307358035486 0.5637010258513262 163.455889 252.963394 -882.953412
m 14.866 371.19090452555554 -509.21908748436874 -573.2539680799437 742.226966356488
p 14.898 0.6647226865392816 0.2084891982873676 -0.4500057032163939 0.5587224680619539 163.941854 253.730684 -885.133714
p 14.934 0.6643227754638554 0.20663035360206253 -0.4532055216529016 0.5573006280591436 164.547587 255.338404 -888.976848
p 14.966 0.6637473163787557 0.20421476163476115 -0.4556440267811527 0.5568877506226715 163.741714 254.916079 -886.466943
m 14.966 371.19090452555554 -509.21908748436874 -573.2539680799437 742.226966356488
p 14.998 0.661314599869079 0.1988554313272902 -0.4574876315446457 0.5602004705072927 162.645712 254.405218 -883.534089
p 15.035 0.6604642306741524 0.19780707861597271 -0.4523288107443176 0.5657365420359061 162.968925 255.83351 -887.516559
p 15.066 0.6603949575822032 0.19788309783351632 -0.4501249541460926 0.5675459748696611 162.684109 255.986343 -886.664123
m 15.066 868.415514768134 396.7070563987688 855.4109736913953 -644.0577422092765
p 15.098 0.6608604239928428 0.19598351678780915 -0.4514822482443454 0.5665840870568687 163.293597 257.196469 -888.674838
p 15.135 0.6625933896440561 0.19633458774752355 -0.45462044250368905 0.5619102240063224 163.761097 257.974298 -888.89376
p 15.166 0.664988533735733 0.19834665307539948 -0.45568229319337683 0.5574968306856972 163.565219 257.947768 -886.187848
p 15.198 0.6639711966644336 0.20049100121925623 -0.4559663152873285 0.5577098100945915 163.557229 257.89498 -885.891058
m 15.198 868.415514768134 396.7070563987688 855.4109736913953 -644.0577422092765
p 15.234 0.6626682805144668 0.2018638192492747 -0.4552877493483912 0.5593164195398794 163.50083 257.292625 -886.795343
p 15.266 0.6615200299310672 0.19895807238628094 -0.45498697905090424 0.5619553954227768 163.262255 256.231823 -887.317082
p 15.298 0.6611007865673736 0.19800498299159067 -0.45341498012187265 0.5640520440705871 162.374961 254.753093 -884.184346
m 15.298 868.415514768134 396.7070563987688 855.4109736913953 -644.0577422092765
p 15.335 0.6607015211122191 0.19887649082267253 -0.4514583975800137 0.5657796872795586 162.360542 254.81128 -885.122972
p 15.366 0.660920948374312 0.20276290277926462 -0.4503023405931543 0.5650649308644541 162.468846 254.609514 -884.657075
p 15.398 0.6595604597002461 0.20883491115067612 -0.4480066924179957 0.5662665105330004 162.700285 253.880618 -884.127772
m 15.398 868.415514768134 396.7070563987688 855.4109736913953 -644.0577422092765
p 15.435 0.6631858713814703 0.20991324756362964 -0.44728184480482586 0.5621919375684957 163.043732 253.147569 -883.947466
p 15.466 0.6620830763582467 0.2186126713827718 -0.4387062747437376 0.5669137505591594 163.850114 253.466531 -887.49275
p 15.498 0.6615311784035579 0.21545280805049566 -0.4390307055532697 0.568514398531601 163.608659 253.289303 -887.698721
m 15.498 868.415514768134 396.7070563987688 855.4109736913953 -644.0577422092765
p 15.535 0.6623016684261033 0.20902257475657574 -0.4452502750004812 0.5651710811623364 162.161277 251.061208 -881.576346
p 15.566 0.6592861670018567 0.21399622358465578 -0.44071340268114834 0.5703676473450732 162.539189 251.246105 -885.249381
p 15.598 0.6586704411160409 0.2152840649107225 -0.4429377451729325 0.5688694628001195 160.768986 248.1102 -875.709381
m 15.598 868.415514768134 396.7070563987688 855.4109736913953 -644.0577422092765
p 15.634 0.6561007925616308 0.2220062856978147 -0.43623594613035693 0.5744067897381772 162.58427 249.976242 -885.009147
p 15.666 0.659650475630845 0.22120199316229677 -0.43567352805310655 0.5710687158070252 163.347419 250.47133 -887.722945
p 15.698 0.6616849703597627 0.22324558757876062 -0.43549047191343465 0.5680512885091472 162.648997 248.725116 -882.311658
m 15.698 868.415514768134 396.7070563987688 855.4109736913953 -644.0577422092765
p 15.734 0.6620381408952206 0.22365705365521324 -0.4349152748369677 0.5679185635612891 162.763469 248.765932 -882.409172
p 15.766 0.6607817340090447 0.22235784138365544 -0.4351550371337355 0.5697055179113759 162.835488 249.303081 -884.112401
p 15.798 0.6589429034446005 0.22017309730720472 -0.4367586303692491 0.5714539120636548 162.452133 249.237553 -883.940703
m 15.798 868.415514768134 396.7070563987688 855.4109736913953 -644.0577422092765
p 15.834 0.6579374970314429 0.21820385773382817 -0.43906108301073865 0.5716036883394519 161.628856 248.117376 -880.482718
p 15.866 0.656879174582358 0.22024065550865082 -0.43891557406019094 0.5721508833629172 161.128592 247.250565 -877.888195
p 15.898 0.6583866645065042 0.22059035796063767 -0.43816842829924924 0.5708548946411521 161.938696 248.372181 -881.31239
m 15.898 868.415514768134 396.7070563987688 855.4109736913953 -644.0577422092765
p 15.935 0.6606559240633509 0.22254473871319072 -0.4359652120100891 0.5691585987563829 162.680079 249.177175 -883.732457
p 15.966 0.6620354975377076 0.22362396057405926 -0.4349037945410183 0.5679438661498423 162.634281 248.681206 -882.131138
p 15.998 0.6624981132048604 0.22336025876988774 -0.4341601044093204 0.5680767122179314 162.655166 248.781908 -882.484949
m 15.998 868.415514768134 396.7070563987688 855.4109736913953 -644.0577422092765
p 16.034 0.6596413798421079 0.22067748393050063 -0.4373982724811197 0.569962727459567 162.484546 248.953545 -883.025632
p 16.066 0.6587307871961049 0.2183122495490527 -0.4402633149035772 0.5697206010325353 161.852838 248.307504 -880.920094
p 16.098 0.6568043848818307 0.22118229315131166 -0.4381726989410684 0.5724428896248085 161.506749 247.935448 -879.996746
m 16.098 868.415514768134 396.7070563987688 855.4109736913953 -644.0577422092765
p 16.135 0.6563463262638102 0.22073255262156907 -0.43845183325415915 0.5729284753379661 161.411102 247.653876 -879.144132
p 16.169 0.6589406270674164 0.22048306635240417 -0.43709704360136914 0.5710787657375691 162.062039 248.487654 -881.691168
p 16.198 0.6606233798466415 0.22190896427860546 -0.435350168906775 0.5699151157614212 162.585078 248.952823 -883.043868
m 16.198 868.415514768134 396.7070563987688 855.4109736913953 -644.0577422092765
p 16.235 0.6627344868044819 0.22330322768258148 -0.4337430837288005 0.568142306605333 162.635002 248.749514 -882.361143
p 16.266 0.6618273944163992 0.22283680192786176 -0.435210150607303 0.568261080113853 162.5038 248.649478 -882.072339
p 16.298 0.6594740328473897 0.22068382188094224 -0.43890810795120705 0.5689920774891739 162.011093 248.225978 -880.774028
m 16.298 868.415514768134 396.7070563987688 855.4109736913953 -644.0577422092765
p 16.336 0.6571384937743338 0.22088342316748524 -0.43953596195688466 0.5711280857165619 161.724171 248.118929 -880.504466
p 16.366 0.6570448995312268 0.21914940684073697 -0.4405265914194099 0.5711409528751163 161.323296 247.56724 -878.772228
p 16.398 0.658526954649542 0.2182044318542306 -0.4394990940864766 0.5705867426489273 161.744847 248.255629 -880.858979
m 16.398 868.415514768134 396.7070563987688 855.4109736913953 -644.0577422092765
p 16.435 0.6599854165055468 0.2201355459780511 -0.4367153315691146 0.5702974498934807 162.231233 248.662315 -882.149148
p 16.466 0.6615952312403711 0.22278312031310485 -0.43365639057298705 0.5697380848609102 162.658359 248.967347 -883.026914
p 16.498 0.6623435664366342 0.2239962876036989 -0.43283541129923087 0.5690166238461624 162.917454 249.298884 -884.139597
m 16.498 868.415514768134 396.7070563987688 855.4109736913953 -644.0577422092765
p 16.535 0.660712305016336 0.22184844884397276 -0.436987850548449 0.5685810558510963 162.320927 248.478075 -881.552484
p 16.566 0.658038182782732 0.22084774683657404 -0.4384658178646522 0.5709288759069543 162.051395 248.430082 -881.508809
p 16.598 0.6582191884167462 0.2178860059442643 -0.4411638328236439 0.5697782844983654 161.458294 247.700693 -879.082743
m 16.598 868.415514768134 396.7070563987688 855.4109736913953 -644.0577422092765
