m -1 300.0 0 0 0
m -1 300.0 0 0 0
m -1 300.0 0 0 0
m -1 300.0 0 0 0
m -1 300.0 0 0 0
p 0.081 0.49765922456504813 0.26625422695665246 -0.4651620423381572 0.6819591263411612 -45.728581 117.663252 -966.604506
m 0.081 300.0 0 0 0
p 0.122 0.6227688174595771 0.21062751750333772 -0.4616978113530278 0.5955083003558896 -25.46511 -33.964262 -1060.214457
p 0.15 0.6216222727669914 0.20677790296645468 -0.4670002390805823 0.5939189539599848 -25.327493 -33.750394 -1053.576189
p 0.177 0.6236172704471871 0.20666962912617867 -0.46146653346152233 0.5961857819194031 -25.557897 -34.02506 -1062.402936
m 0.177 300.0 0 0 0
p 0.205 0.6229249553517663 0.21021392524891513 -0.4613264367257866 0.5957792296030667 -25.40008 -33.823307 -1056.968852
p 0.232 0.623845533766172 0.2070933316137585 -0.46076510040022156 0.5963423313365286 -25.557268 -34.109148 -1064.271349
p 0.265 0.6232802339237143 0.2069065293281609 -0.46151190803719083 0.5964211277162021 -25.592351 -34.033047 -1063.789023
m 0.265 300.0 0 0 0
p 0.298 0.6217608060982937 0.2058335757815005 -0.464673467941827 0.5959232977792821 -25.504158 -33.992621 -1060.45115
p 0.329 0.622096857410484 0.207265152466316 -0.46331209773306703 0.5961362697501872 -25.501002 -33.990156 -1059.7638
p 0.366 0.6217608060982937 0.2058335757815005 -0.464673467941827 0.5959232977792821 -25.504158 -33.992621 -1060.45115
m 0.366 300.0 0 0 0
p 0.398 0.6228910418363713 0.20876444075456763 -0.4616076178464809 0.5961062610650615 -25.52868 -33.951554 -1059.879389
p 0.429 0.6225917603052582 0.20692170731079945 -0.46261092478767185 0.596283590097594 -25.542171 -34.006075 -1061.593194
p 0.465 0.6231422389791917 0.20702777300305572 -0.4621147981747003 0.5960565289370522 -25.518157 -34.010873 -1060.630362
m 0.465 300.0 0 0 0
p 0.498 0.6235404958781746 0.21115950105945416 -0.45970270077856085 0.596055512764346 -25.522822 -33.958107 -1060.950758
p 0.529 0.623109340324794 0.20863954620265382 -0.461609995847714 0.595919890731294 -25.478952 -33.974654 -1060.022946
p 0.565 0.622423690101847 0.20797208084868793 -0.46503652512428867 0.594202559898519 -25.350061 -33.751965 -1055.533653
m 0.565 300.0 0 0 0
p 0.598 0.6229249553517663 0.21021392524891513 -0.4613264367257866 0.5957792296030667 -25.40008 -33.823307 -1056.968852
p 0.63 0.6225917603052582 0.20692170731079945 -0.46261092478767185 0.596283590097594 -25.542171 -34.006075 -1061.593194
p 0.666 0.6225917603052582 0.20692170731079945 -0.46261092478767185 0.596283590097594 -25.542171 -34.006075 -1061.593194
m 0.666 300.0 0 0 0
p 0.698 0.6228910418363713 0.20876444075456763 -0.4616076178464809 0.5961062610650615 -25.52868 -33.951554 -1059.879389
p 0.73 0.6221671801051546 0.20862238342122508 -0.4629527387659991 0.5958691841272334 -25.488363 -33.93004 -1058.61814
p 0.765 0.6225917603052582 0.20692170731079945 -0.46261092478767185 0.596283590097594 -25.542171 -34.006075 -1061.593194
m 0.765 300.0 0 0 0
p 0.798 0.6229229486862721 0.2099260434629768 -0.46115575065236114 0.596014725068327 -25.504836 -33.937363 -1059.91487
p 0.829 0.6223457640251117 0.20595263502882646 -0.46601104524959486 0.594225141998521 -25.381045 -33.779844 -1055.811775
p 0.865 0.62352165158878 0.2041745457845955 -0.4622393613206588 0.5965466460582702 -25.611024 -34.133925 -1065.780174
m 0.865 709.1407864154237 327.51096518712524 376.7135037225878 -499.55878217468074
p 0.898 0.6217523622793886 0.2089344695430785 -0.46583096031704696 0.593945873637161 -25.300767 -33.727216 -1053.468397
p 0.929 0.6229795341742776 0.2042723605177051 -0.46318576160365027 0.5963454329080261 -25.566475 -34.114937 -1063.808561
p 0.966 0.6236437284219253 0.21190985169434734 -0.45911990604720043 0.5961304236005683 -25.594499 -34.300722 -1063.795708
m 0.966 709.1407864154237 327.51096518712524 376.7135037225878 -499.55878217468074
p 0.998 0.6188697358895489 0.21698427344646584 -0.4579222953803932 0.6001876945333313 -25.503381 -34.499155 -1062.683771
p 1.03 0.6166279267110759 0.21986273103638335 -0.4567507208150926 0.602336488360232 -25.437953 -34.718208 -1063.75281
p 1.065 0.6102470811073167 0.22800641626589135 -0.4557449082678872 0.6065539049008685 -25.228841 -34.78257 -1059.143567
m 1.065 709.1407864154237 327.51096518712524 376.7135037225878 -499.55878217468074
p 1.097 0.6058105183134619 0.22987467424733612 -0.45757416591761796 0.6089144028515009 -25.141002 -34.775418 -1054.394944
p 1.13 0.6033637585186565 0.23136856730616376 -0.4567191287952065 0.611415161735461 -25.262128 -35.036246 -1056.539515
p 1.165 0.5988731269707551 0.2330013516417095 -0.4626669841660296 0.6107378733957802 -25.197324 -34.892023 -1048.390655
m 1.165 709.1407864154237 327.51096518712524 376.7135037225878 -499.55878217468074
p 1.198 0.6019613755957878 0.22735048704954902 -0.45888052752439834 0.6126850740796613 -25.658784 -35.453608 -1057.474071
p 1.23 0.598719104295882 0.22718512373374067 -0.4591206619973212 0.6157357387711062 -25.799806 -35.731931 -1060.817477
p 1.265 0.5944892784001813 0.23337811077296394 -0.4593904490556609 0.6173147495402973 -25.862427 -35.83335 -1059.158921
m 1.265 709.1407864154237 327.51096518712524 376.7135037225878 -499.55878217468074
p 1.298 0.5899951514439974 0.23317020539215005 -0.4644429286938007 0.6179241458302144 -25.528942 -35.635546 -1052.881338
p 1.329 0.589412878057166 0.24009084912147646 -0.4576295578591781 0.620905588636469 -25.554516 -35.851426 -1057.686816
p 1.366 0.5884960125530665 0.2427095961713201 -0.45797764860763657 0.6205008058012494 -25.409205 -35.730159 -1054.409469
p 1.397 0.5875162947219351 0.24276957076170608 -0.4568389076488118 0.6222423161437993 -25.483035 -35.829346 -1055.770864
m 1.397 399.81080706431806 -426.1812956771212 382.85698615764215 523.4005801800176
p 1.429 0.5860263607618843 0.24293286652849005 -0.4571539903419509 0.6233512252334154 -25.538698 -35.888965 -1055.39551
p 1.465 0.583472101563178 0.24320465154479734 -0.45935384626183273 0.624023837685709 -25.508949 -36.103667 -1053.912588
p 1.497 0.586145864935245 0.2396122656463249 -0.45724462684909073 0.6244567639156453 -25.566484 -36.451148 -1056.569463
m 1.497 399.81080706431806 -426.1812956771212 382.85698615764215 523.4005801800176
p 1.529 0.5874380334765534 0.23609941428545864 -0.45797866074141735 0.624043267730692 -25.456058 -36.834668 -1060.899744
p 1.565 0.5880282148813011 0.23420859437456099 -0.46018483791221887 0.6225742927554913 -25.168161 -36.805185 -1056.425101
p 1.597 0.5893260088289151 0.23506045852399024 -0.46079284930870346 0.6205733236290455 -24.916095 -37.069583 -1056.968452
m 1.597 399.81080706431806 -426.1812956771212 382.85698615764215 523.4005801800176
p 1.63 0.5915742469642449 0.2351248975036424 -0.45974566027319386 0.6191847462591435 -24.673299 -37.36251 -1061.025855
p 1.665 0.5927936979251768 0.23984097825602138 -0.45379485760934457 0.6205987028668364 -24.430039 -37.6934 -1065.568387
p 1.698 0.5917252608346536 0.23496476033107133 -0.463363155028581 0.6163988157029505 -23.824194 -37.549569 -1059.997997
m 1.698 399.81080706431806 -426.1812956771212 382.85698615764215 523.4005801800176
p 1.729 0.5951338385684249 0.23913071839794658 -0.4584123046920811 0.6152158157914993 -23.474241 -37.737 -1057.573534
p 1.766 0.5957453736170645 0.23984582954309636 -0.4551113344061607 0.6167941309707802 -23.142985 -37.993289 -1062.227513
p 1.797 0.5963589985296376 0.23804694150926733 -0.45494034048614473 0.6170243107042056 -22.932009 -38.303082 -1063.048933
m 1.797 399.81080706431806 -426.1812956771212 382.85698615764215 523.4005801800176
p 1.83 0.5972366836141358 0.23808640330223985 -0.4537199128311017 0.6170585466550155 -22.757236 -38.427302 -1062.821761
p 1.866 0.5974610505674125 0.2350465498946449 -0.45535101286443214 0.6168054798718962 -22.443079 -38.895235 -1060.733756
p 1.898 0.5947147516010659 0.22856399079696357 -0.46311754827536544 0.6161130172297936 -21.990633 -39.04308 -1058.52841
m 1.898 351.24793426801483 -852.8830802667743 715.668789104129 -645.0800412752654
p 1.929 0.5976661741921533 0.22936919550555127 -0.4594217322619426 0.6157245731656321 -21.69227 -39.284755 -1060.80975
p 1.965 0.5976660827988647 0.23285277096201562 -0.4576236073883554 0.615756039353249 -21.59291 -39.658492 -1066.578661
p 1.997 0.5963930177252781 0.2333764553632032 -0.4612160337138122 0.614109721466775 -21.428579 -39.665498 -1062.50682
p 2.029 0.5988052580724738 0.23482081122812365 -0.4585121330681414 0.6132356806318432 -21.371373 -39.817359 -1068.661993
m 2.029 351.24793426801483 -852.8830802667743 715.668789104129 -645.0800412752654
p 2.066 0.5974797221841626 0.23650655580533111 -0.45851071993857095 0.6138815032235456 -21.100828 -39.718615 -1065.301227
p 2.098 0.5984422807668784 0.2365985948453149 -0.45749964307283014 0.6136627738424419 -20.885472 -39.7668 -1063.610122
p 2.129 0.5999806565484487 0.23620141738541525 -0.4550288398144462 0.6141506329883574 -20.719771 -39.822245 -1066.069533
m 2.129 351.24793426801483 -852.8830802667743 715.668789104129 -645.0800412752654
p 2.165 0.6010283449890592 0.23689209804041625 -0.4538002897518524 0.6137688897296767 -20.529182 -39.625065 -1062.05736
p 2.197 0.6013951791735904 0.23539535206613632 -0.4528120406662502 0.6147147712557427 -20.529077 -39.598249 -1060.947054
p 2.229 0.5993985023613889 0.22983969851058791 -0.4597421392062944 0.6136222372111363 -20.39375 -39.699487 -1061.759769
m 2.229 351.24793426801483 -852.8830802667743 715.668789104129 -645.0800412752654
p 2.265 0.5996853773786451 0.2331566422884735 -0.45655607761206984 0.614468876347696 -20.26251 -39.846182 -1061.692557
p 2.297 0.6014738463316656 0.2284056480130507 -0.45831939097366764 0.6131908348956302 -20.202105 -40.094445 -1065.300286
p 2.33 0.6008722929569387 0.22945688576450637 -0.4615025725351504 0.6109971358361674 -20.007897 -40.100909 -1063.47586
m 2.33 351.24793426801483 -852.8830802667743 715.668789104129 -645.0800412752654
p 2.365 0.6023538924314565 0.22731548607126842 -0.46179972008768877 0.6101135140283324 -19.829406 -40.216272 -1067.095098
p 2.397 0.6026724337260265 0.2273896534659341 -0.4647484186908062 0.6075265426300319 -19.525147 -40.095846 -1064.947415
p 2.429 0.6023063334110373 0.23145393351136356 -0.4610213533128835 0.609192498312315 -19.260327 -40.19073 -1065.766241
m 2.429 -825.4594083377648 684.4278750979977 707.8990602445367 618.8202860480392
p 2.465 0.6002861947977517 0.23601162457586913 -0.46546112582985394 0.6060538342424706 -18.739959 -39.822873 -1055.312532
p 2.498 0.6023683789969666 0.2312722438169739 -0.45969052913230013 0.6102050884743588 -18.788062 -40.067062 -1063.447286
p 2.53 0.6028641036243386 0.2352735988520761 -0.4557599132603446 0.6111331687938398 -18.857026 -39.934285 -1060.525921
p 2.565 0.6030633143780552 0.22664648871810536 -0.45776090800152675 0.6126997633425363 -19.093698 -40.494779 -1069.133505
m 2.565 -825.4594083377648 684.4278750979977 707.8990602445367 618.8202860480392
p 2.597 0.6015561935265045 0.23303161268235778 -0.4550865231281545 0.613777239721383 -19.088153 -40.236529 -1060.742212
p 2.629 0.6015110933575619 0.22987274764073715 -0.4596735517237297 0.6115905493056608 -19.087641 -40.215939 -1058.718576
p 2.665 0.597599228205676 0.22773869724879972 -0.46634087158359006 0.6111763248032437 -19.089451 -40.394781 -1057.430691
m 2.665 -825.4594083377648 684.4278750979977 707.8990602445367 618.8202860480392
p 2.697 0.5979547617182238 0.23264851021611033 -0.4600533432520938 0.6137391546903292 -19.086422 -40.569188 -1062.777845
p 2.729 0.5961439972987046 0.23633718942754872 -0.4585859974939228 0.6151877762114588 -19.044409 -40.883241 -1067.109634
p 2.765 0.5921693195693152 0.23912164155677368 -0.4594478441217228 0.617304017482472 -18.786837 -40.773931 -1060.37174
m 2.765 -825.4594083377648 684.4278750979977 707.8990602445367 618.8202860480392
p 2.797 0.5916784609455261 0.24022762004030815 -0.45799925113053486 0.6184207709965763 -18.86306 -41.021841 -1062.984179
p 2.83 0.5913090411856674 0.24066862706127534 -0.4575142678383553 0.6189610246210985 -18.865076 -41.066881 -1062.738956
p 2.865 0.5910257205415601 0.24258937290805838 -0.45370588669735734 0.6212813372378089 -18.988519 -41.314256 -1065.54003
m 2.865 -825.4594083377648 684.4278750979977 707.8990602445367 618.8202860480392
p 2.897 0.5910985307705657 0.24277982525488984 -0.45181426039816036 0.6225146584619513 -19.133404 -41.442206 -1065.470346
p 2.929 0.5917990111233687 0.23881097387537736 -0.4551115854486384 0.6209806760278455 -19.153967 -41.427704 -1063.196279
p 2.965 0.5907288929766445 0.23961036593718613 -0.45524525658436915 0.6215935166972063 -19.176182 -41.490738 -1062.136357
m 2.965 -583.0324604021916 -878.6457923444872 644.6072763755103 -557.5877349212631
p 2.997 0.5908857084419168 0.24016987883121624 -0.4552115074823354 0.6212529677997523 -19.127889 -41.654797 -1063.558019
p 3.029 0.5893988483562513 0.2393311582000637 -0.45806060165602586 0.6208949186456595 -19.05057 -41.668457 -1062.744065
p 3.065 0.5880559443569647 0.24226544999000468 -0.4566053556196743 0.622100675132249 -18.958577 -41.897517 -1063.888721
p 3.098 0.5878488771324646 0.24176917238699708 -0.4585358746564433 0.6210686354985252 -18.811526 -41.82518 -1064.252928
m 3.098 -583.0324604021916 -878.6457923444872 644.6072763755103 -557.5877349212631
p 3.13 0.5848059995092428 0.24307629076758003 -0.45970397415280634 0.6225658599698508 -18.728722 -41.546464 -1061.977471
p 3.166 0.5832480641004706 0.24491772891530114 -0.45772781306433724 0.6247577530531333 -18.823378 -41.672487 -1064.017816
p 3.197 0.5822067329249424 0.2443440904278809 -0.45880980006652045 0.6251593796784944 -18.839895 -41.555554 -1062.974676
m 3.197 -583.0324604021916 -878.6457923444872 644.6072763755103 -557.5877349212631
p 3.229 0.5808892864515726 0.24450135047809576 -0.46094793068947115 0.6247511504591248 -18.796303 -41.18497 -1054.526355
p 3.265 0.5811520966526195 0.2424218851515965 -0.4574901334712707 0.6278506988130219 -18.937456 -41.486406 -1065.429197
p 3.297 0.5812324959236252 0.24369432393235152 -0.45764975113653333 0.6271668438302522 -18.879386 -41.254653 -1061.661578
m 3.297 -583.0324604021916 -878.6457923444872 644.6072763755103 -557.5877349212631
p 3.329 0.5804810239203542 0.24391018231252845 -0.4596183919904939 0.6263391653090201 -18.744717 -40.907293 -1057.726987
p 3.365 0.5808520744265401 0.24393536930742055 -0.4544834478910118 0.6297231534571363 -18.934714 -41.278434 -1071.580565
p 3.398 0.5787151827418768 0.24419111978878383 -0.4577159677889979 0.6292499503377016 -18.760355 -41.127132 -1069.457714
m 3.398 -583.0324604021916 -878.6457923444872 644.6072763755103 -557.5877349212631
p 3.429 0.5778438267635925 0.24631982439687816 -0.4583682347202189 0.628745576525195 -18.543605 -40.805824 -1064.335088
p 3.465 0.57907611936081 0.24050379137284966 -0.4613098400043744 0.6277115181355206 -18.47117 -40.936219 -1071.185922
p 3.497 0.5776284584353641 0.24709717609323356 -0.45991585947006164 0.6275071712737632 -18.281871 -40.434525 -1063.785571
m 3.497 -882.8481456705471 743.0086356637128 -300.28319358641915 -588.0000979193073
p 3.529 0.5765550092072751 0.24799255087195543 -0.459318233135955 0.6285783562929923 -18.188969 -40.273015 -1063.727895
p 3.566 0.5762839674951628 0.24863563893646665 -0.4578600276570362 0.6296362044863685 -18.248171 -40.278244 -1064.860594
p 3.597 0.5751835699770989 0.2450649277390842 -0.4604716265813042 0.6301370882593723 -18.178452 -40.184029 -1062.069165
p 3.63 0.5739845541123108 0.24467686291383262 -0.4612229744655597 0.6308309995553484 -18.255352 -40.222072 -1060.970944
m 3.63 -882.8481456705471 743.0086356637128 -300.28319358641915 -588.0000979193073
p 3.666 0.5721065670879749 0.24614637115485352 -0.4597903629965406 0.6330075039049695 -18.647653 -40.190753 -1063.614966
p 3.697 0.5719861392721738 0.24509871206619296 -0.4619729194746853 0.6319331451981293 -18.6431 -39.993722 -1060.277458
p 3.729 0.5712910071631013 0.25186240233641277 -0.4551852006969473 0.6348218253967013 -19.024227 -40.257806 -1070.45515
m 3.729 -882.8481456705471 743.0086356637128 -300.28319358641915 -588.0000979193073
p 3.766 0.5705016400169229 0.24814555189339857 -0.46040063494810857 0.6332321849053474 -18.946044 -39.857079 -1063.980866
p 3.798 0.5709649978218241 0.246420948960278 -0.46325006658701495 0.6314073566248655 -19.14315 -39.740173 -1064.851773
p 3.829 0.5717655904408754 0.24557798823747753 -0.46215875312788796 0.6318104937400139 -19.315309 -39.533782 -1062.858915
m 3.829 -882.8481456705471 743.0086356637128 -300.28319358641915 -588.0000979193073
p 3.866 0.5706522618925274 0.2502686924509975 -0.4622911413295099 0.6308789503541864 -19.509545 -39.364749 -1062.979613
p 3.897 0.5732274910137392 0.24551391929887903 -0.4620041636518758 0.6306231045561207 -19.660244 -39.161403 -1060.363094
p 3.929 0.5715160387069089 0.24707430618282497 -0.46283204628216035 0.6309599828832253 -19.985587 -38.905119 -1058.03497
m 3.929 -882.8481456705471 743.0086356637128 -300.28319358641915 -588.0000979193073
p 3.966 0.5749279146979607 0.24707159689227562 -0.4596834302759343 0.6301624790480627 -20.104933 -38.704127 -1058.905291
p 3.997 0.5737383127255308 0.24734999310652456 -0.4603124018940087 0.6306782063778643 -20.417736 -38.64192 -1059.001356
p 4.029 0.5749093204211826 0.2478867068596942 -0.45831132337996555 0.6308577494174102 -20.724234 -38.577971 -1062.385414
m 4.029 412.21394606369705 -789.5859900320313 304.3752828809285 -305.1381040017834
p 4.065 0.574878795105027 0.24526301694898087 -0.46089370357060105 0.6300297612018022 -20.945265 -38.505796 -1061.72606
p 4.098 0.5734178361041994 0.24740296345679402 -0.46118026887316027 0.6303148023011993 -21.174652 -38.25925 -1059.584342
p 4.129 0.5747902840295844 0.24371450639187822 -0.4620073488012848 0.629895824720247 -21.327157 -38.181465 -1059.861272
p 4.166 0.5751049010170158 0.24374503180480317 -0.4617194993968689 0.6298077087492657 -21.340249 -38.201692 -1060.477038
m 4.166 412.21394606369705 -789.5859900320313 304.3752828809285 -305.1381040017834
p 4.197 0.5760174851867593 0.2445699363102099 -0.45993329858615895 0.6299609114857843 -21.365458 -38.300859 -1062.942254
p 4.229 0.5776876942920616 0.24361852054663072 -0.4591318103083072 0.6293846200853656 -21.174694 -38.092639 -1063.798209
p 4.265 0.5765070878744268 0.24604760824556066 -0.4598475604750911 0.6289992050869381 -21.001073 -37.946364 -1060.21377
m 4.265 412.21394606369705 -789.5859900320313 304.3752828809285 -305.1381040017834
p 4.297 0.5735315183990839 0.24938420325381191 -0.45786935918983984 0.6318423458426952 -20.790573 -38.075322 -1064.319482
p 4.329 0.5718938302090307 0.24961257404287213 -0.45912966897709984 0.6323219116873936 -20.598464 -38.009307 -1063.754815
p 4.365 0.571643085966353 0.24890416840005763 -0.4587359366607974 0.6331131415473856 -20.301193 -38.02674 -1064.584325
m 4.365 412.21394606369705 -789.5859900320313 304.3752828809285 -305.1381040017834
p 4.397 0.568924089245591 0.2515146212996497 -0.45872938811761094 0.6345336870490014 -20.151325 -37.985624 -1066.098206
p 4.43 0.566575597703107 0.24937672549643108 -0.46228880923657895 0.634895857601859 -20.020735 -37.833152 -1061.544481
p 4.465 0.564537011912324 0.24938477405044804 -0.4631048611813204 0.636112411449423 -19.98339 -37.862117 -1062.269985
m 4.465 412.21394606369705 -789.5859900320313 304.3752828809285 -305.1381040017834
p 4.497 0.5637059746595213 0.2498681893540085 -0.4631501790013657 0.6366266566834913 -19.965391 -37.882961 -1062.389836
p 4.529 0.5643905573870237 0.24766978631511677 -0.46338118024126135 0.6367106878323937 -19.880613 -37.81479 -1063.437949
p 4.565 0.5635542926051634 0.24203491493393994 -0.46959413184362475 0.6350643668164668 -19.756489 -37.628656 -1060.124511
m 4.565 831.1121149882892 -444.2844108416749 -885.3331087575582 537.7354837151358
p 4.597 0.5664764701953278 0.248490878847402 -0.46034254618844883 0.6367426874334718 -19.730954 -37.764251 -1069.176176
p 4.63 0.5677382032424079 0.25028219233548116 -0.46056651216635586 0.63475251082607 -19.435216 -37.462551 -1064.784137
p 4.666 0.5686730992271037 0.2508215980967719 -0.46066881642548957 0.6336276509117954 -19.223098 -37.449275 -1064.34273
p 4.698 0.5698536165649235 0.2524970817393744 -0.46113067777235084 0.6315617547002035 -18.982224 -37.236786 -1058.838259
m 4.698 831.1121149882892 -444.2844108416749 -885.3331087575582 537.7354837151358
p 4.73 0.5706817752516153 0.252907443353276 -0.45932841360826243 0.6319634087508548 -18.749025 -37.40138 -1063.424764
p 4.765 0.574424259102234 0.25042813551380483 -0.45800012762831604 0.6305222042085433 -18.609579 -37.565152 -1065.660761
p 4.797 0.5758103181267983 0.245223307116359 -0.46160988957777566 0.6286688317389371 -18.334625 -37.456263 -1063.918439
m 4.797 831.1121149882892 -444.2844108416749 -885.3331087575582 537.7354837151358
p 4.83 0.5772035964066071 0.24270240091050568 -0.46234320975545645 0.6278295947149991 -18.288448 -37.790959 -1067.864769
p 4.865 0.5764697778605662 0.2446526008419624 -0.46392879944549054 0.6265762124434665 -18.152306 -37.719234 -1060.353892
p 4.897 0.5794916539962318 0.24302223885674432 -0.46173466649597356 0.6260435288380514 -18.13862 -38.034614 -1069.620516
m 4.897 831.1121149882892 -444.2844108416749 -885.3331087575582 537.7354837151358
p 4.93 0.579197681011833 0.24341619953889404 -0.4617932690580154 0.6261199964862966 -17.838715 -37.981632 -1068.888645
p 4.965 0.5800676005854759 0.2455715771098978 -0.4610350282775577 0.6250305992509486 -17.533121 -37.947262 -1063.334386
p 4.997 0.5822004440944001 0.24483028842493396 -0.45937101037470063 0.6245632473977315 -17.276458 -37.938192 -1065.538392
m 4.997 831.1121149882892 -444.2844108416749 -885.3331087575582 537.7354837151358
p 5.029 0.5854150289086065 0.24349946000518566 -0.458875671026343 0.6224387520069745 -17.018578 -37.994248 -1066.922047
p 5.066 0.5894036923562538 0.24334064656191745 -0.45803467506090934 0.6193488516175678 -16.798387 -38.055427 -1068.704483
p 5.097 0.5908775521727667 0.24217486632081617 -0.45705282937867275 0.6191270063565311 -16.706732 -38.139134 -1068.36565
m 5.097 637.1466727381927 739.6353320681524 872.2312251629056 367.91594512283854
p 5.13 0.5930826562688344 0.2405437580018487 -0.45809517915621323 0.6168794452727372 -16.386382 -37.935222 -1066.032739
p 5.165 0.5964738187604194 0.2381635656302355 -0.45719907802063897 0.6151959037574942 -16.365225 -38.158707 -1070.962277
p 5.197 0.5966799326781689 0.23882925807697042 -0.4583851976405171 0.6138538099580388 -16.252417 -38.037747 -1066.615344
m 5.197 637.1466727381927 739.6353320681524 872.2312251629056 367.91594512283854
p 5.229 0.5971541789479523 0.23787573958571814 -0.4580841837240307 0.6139875813076352 -16.375225 -38.184739 -1068.717279
p 5.266 0.5970235370730231 0.23755469414132716 -0.45861613208388785 0.6138417955792844 -16.394036 -38.55065 -1070.580663
p 5.298 0.5952561620806455 0.24125836871204293 -0.45575248831607473 0.6162418356457147 -16.370987 -38.799047 -1072.343967
m 5.298 637.1466727381927 739.6353320681524 872.2312251629056 367.91594512283854
p 5.33 0.5938903340678858 0.23773293327355788 -0.46089594993959004 0.6151030401485592 -16.163647 -38.831757 -1063.116409
p 5.365 0.5927651997708929 0.2404338515641284 -0.45817337955554005 0.6171697497447521 -16.245854 -39.097949 -1066.665949
p 5.397 0.5919476347876869 0.24218338610137607 -0.45738314601305563 0.6178561725838789 -16.292992 -39.394116 -1065.721622
p 5.429 0.5919811228686548 0.23955422802526463 -0.4577607871996589 0.6185687108155408 -16.249777 -39.674452 -1066.948597
m 5.429 637.1466727381927 739.6353320681524 872.2312251629056 367.91594512283854
p 5.465 0.5928615557926298 0.23712793583039093 -0.4596389953599457 0.6172659475461124 -16.345015 -39.943645 -1067.479356
p 5.497 0.5926703406648646 0.2384122853413174 -0.45931871402297747 0.6171934461738879 -16.417401 -40.104817 -1069.007475
p 5.529 0.5931970277810376 0.2354500930366157 -0.4626296773491032 0.6153490879167693 -16.368565 -40.202051 -1064.119042
m 5.529 637.1466727381927 739.6353320681524 872.2312251629056 367.91594512283854
p 5.565 0.5940938193169062 0.23819715812801828 -0.45998889078832794 0.615406166689935 -16.117063 -40.338387 -1065.406135
p 5.597 0.5954634511317037 0.2318694425083479 -0.4622542602092145 0.6148017973298385 -16.251242 -40.909794 -1071.845412
p 5.63 0.5927118416266979 0.24035462592159265 -0.4612040643699798 0.6149902438250545 -16.023889 -40.767172 -1064.280616
m 5.63 561.0200212010434 -791.9052148038943 -758.507665325612 576.2126643107697
p 5.665 0.5949715755338701 0.24277343814778998 -0.45692769607861383 0.6150508109091476 -16.010822 -41.085671 -1068.459497
p 5.698 0.5938061978843604 0.2474621951017602 -0.45453014227966493 0.6160840040124399 -15.978236 -41.140439 -1064.010541
p 5.729 0.5959279889157384 0.2391913386680072 -0.4572899165304936 0.6152584822657873 -16.098539 -41.134773 -1066.185181
m 5.729 561.0200212010434 -791.9052148038943 -758.507665325612 576.2126643107697
p 5.766 0.5948530916302257 0.23577339163449854 -0.46170581683096373 0.6143197457350692 -16.051557 -41.255844 -1062.412913
p 5.797 0.5959452845450148 0.23545718109098468 -0.4591921926021017 0.6152657962214381 -16.115095 -41.387869 -1065.590692
p 5.83 0.6002170009727268 0.2302073507596006 -0.4605478543461904 0.6120786305696353 -16.0783 -41.455657 -1066.794105
p 5.865 0.600973306266633 0.2305790567355835 -0.46089826435528 0.610931460967595 -16.003924 -41.516808 -1068.306908
m 5.865 561.0200212010434 -791.9052148038943 -758.507665325612 576.2126643107697
p 5.898 0.6025757999957244 0.23044481557311153 -0.46101969637652995 0.60930965034209 -15.91019 -41.606189 -1070.874357
p 5.93 0.6049016211801386 0.23179569634531214 -0.45982037597637127 0.6073958758503386 -15.777387 -41.625805 -1071.065947
p 5.965 0.6071830448884422 0.23143144589259398 -0.45993832066129203 0.6051651196345755 -15.649956 -41.537484 -1067.812743
m 5.965 561.0200212010434 -791.9052148038943 -758.507665325612 576.2126643107697
p 5.997 0.6109030201267629 0.22826536357778107 -0.45782880553113703 0.6042227454095856 -15.668485 -41.837541 -1074.131343
p 6.03 0.6138387410387194 0.22559019289931925 -0.45679545987194903 0.6030329714504788 -15.618751 -41.95897 -1077.120317
p 6.066 0.6150522335541917 0.22634988120522567 -0.4557145470073381 0.6023293304037058 -15.55085 -41.738602 -1073.080633
m 6.066 561.0200212010434 -791.9052148038943 -758.507665325612 576.2126643107697
p 6.097 0.6174744934003348 0.2226849067769533 -0.4563496193150564 0.6007345306804522 -15.66943 -41.729023 -1072.379659
p 6.13 0.6204383531020629 0.21298328728279364 -0.45734801625540666 0.6004391864838785 -15.915631 -42.113723 -1082.779781
p 6.165 0.619496973358224 0.2155474614769195 -0.46035011027421363 0.5981978378217373 -15.750715 -41.756247 -1070.6298
p 6.198 0.6193643919374119 0.21462930664156304 -0.46046560588975494 0.5985765485166343 -15.831448 -41.77858 -1070.794866
m 6.198 891.1649994692582 -693.263276922979 -609.2752360490837 -672.1753304813567
p 6.229 0.6201052330048505 0.21523766111961834 -0.45941758726904924 0.5983960144988769 -15.873745 -41.970406 -1074.852568
p 6.265 0.6210167066995863 0.21455219893859379 -0.46151053088921823 0.5960821923250951 -15.774036 -41.789109 -1072.262715
p 6.297 0.6193607591702917 0.20819691607964105 -0.47048145315237994 0.5930376514199064 -15.60038 -41.42969 -1066.80905
m 6.297 891.1649994692582 -693.263276922979 -609.2752360490837 -672.1753304813567
p 6.329 0.6204584998208986 0.21256578810358925 -0.4636845173094519 0.595687705312585 -15.637464 -41.623049 -1074.24471
p 6.366 0.6237976434710217 0.2134879017159777 -0.4626933157265254 0.5926332904096222 -15.619614 -41.327646 -1071.512009
p 6.397 0.6249261956423334 0.21170900007482038 -0.4619553509087111 0.5926583852343007 -15.765921 -41.21751 -1073.029486
m 6.397 891.1649994692582 -693.263276922979 -609.2752360490837 -672.1753304813567
p 6.429 0.6269553413122819 0.20697726209395942 -0.4629420644100255 0.5914153298764411 -15.797034 -40.863871 -1068.87913
p 6.465 0.629784288467091 0.20402382586067674 -0.4620971105969519 0.5900953021622092 -15.898758 -40.785698 -1072.754183
p 6.497 0.6312483663345196 0.20360844772767137 -0.46022297322833194 0.5901389530132849 -16.033093 -40.694725 -1074.280078
m 6.497 891.1649994692582 -693.263276922979 -609.2752360490837 -672.1753304813567
p 6.529 0.6320905789520992 0.20202049239793674 -0.4611036134776615 0.5890943677998057 -16.0588 -40.591977 -1077.160645
p 6.565 0.6338811008383197 0.20148967973818316 -0.4597482865707527 0.5884116114311074 -16.080262 -40.421502 -1078.052886
p 6.598 0.6325422910762568 0.2029271430714905 -0.46152052458545556 0.5879709629646932 -16.15059 -40.234923 -1076.205598
m 6.598 891.1649994692582 -693.263276922979 -609.2752360490837 -672.1753304813567
p 6.629 0.6341630310890095 0.1984812955492722 -0.4649541766786066 0.585030160718919 -16.13427 -39.965558 -1075.494783
p 6.666 0.6350736177798603 0.1966417695582635 -0.4674210070916502 0.5826930762667485 -16.299889 -39.806185 -1075.358183
p 6.697 0.6351216418923229 0.19271780699413057 -0.47326682035968165 0.5792225075245806 -16.305502 -39.467514 -1067.546642
m 6.697 -494.1398002952252 -650.77459263885 -500.4854750440252 -466.79610940230305
p 6.729 0.6383398389572751 0.1873347748361415 -0.4683786468480332 0.5814199229774862 -16.586644 -39.695274 -1078.112167
p 6.765 0.6390029342655635 0.18266035058845612 -0.47204986679238126 0.5792058692584721 -16.693108 -39.293729 -1076.654146
p 6.797 0.6389628314698751 0.1866039683806263 -0.47013728374302605 0.5795485774158976 -16.564321 -39.261297 -1075.21839
p 6.83 0.6399363249574133 0.18950947972530016 -0.46776841433391164 0.5794478849511735 -16.564062 -39.330857 -1080.736479
m 6.83 -494.1398002952252 -650.77459263885 -500.4854750440252 -466.79610940230305
p 6.866 0.6386916313840351 0.18951555657258862 -0.4706281329358179 0.5785033525479755 -16.416751 -38.540428 -1070.360799
p 6.897 0.6408426093823663 0.18860988366003287 -0.46645696716093765 0.5797968090138421 -16.620652 -38.55145 -1077.058355
p 6.93 0.6396852741778569 0.18525360014314063 -0.4694011447831356 0.5797815972497778 -16.791852 -38.245156 -1074.869379
m 6.93 -494.1398002952252 -650.77459263885 -500.4854750440252 -466.79610940230305
p 6.966 0.6411591066186303 0.18174583936668995 -0.469549986722831 0.5791425188644594 -17.015182 -37.964501 -1073.963754
p 6.997 0.6420621075877317 0.17808362874673525 -0.47179353277534564 0.5774542612286755 -17.090006 -37.532765 -1073.074715
p 7.029 0.6421878619220391 0.1799477331354931 -0.4703643091227875 0.5779025453537048 -17.190906 -37.446479 -1075.416125
m 7.029 -494.1398002952252 -650.77459263885 -500.4854750440252 -466.79610940230305
p 7.065 0.6416015118436054 0.17925885129153987 -0.4742160739704817 0.5756154609717055 -17.188688 -36.965995 -1072.279294
p 7.097 0.6404734576857967 0.1822425248061742 -0.473730794553625 0.5763334070606964 -17.24248 -36.732002 -1075.240957
p 7.129 0.641295758601287 0.18107791676850643 -0.47241697132189964 0.5768644888699529 -17.359984 -36.596441 -1076.731544
m 7.129 -494.1398002952252 -650.77459263885 -500.4854750440252 -466.79610940230305
p 7.165 0.6432184698840666 0.1777327694284108 -0.4747465508181674 0.5738439072909826 -17.491449 -36.15897 -1074.302699
p 7.197 0.6459187255375092 0.1748246265906445 -0.4724580476375716 0.5735930626437382 -17.685597 -36.095572 -1079.511425
p 7.23 0.6445110549866465 0.17795195150279663 -0.4722052440299967 0.5744218770734206 -17.662174 -35.563429 -1070.903857
m 7.23 -494.1398002952252 -650.77459263885 -500.4854750440252 -466.79610940230305
p 7.265 0.6480526598973265 0.17309588701907705 -0.47170433657109206 0.5723288753397956 -17.84158 -35.380981 -1076.663407
p 7.297 0.6466654853941102 0.1746018653387503 -0.4705025347294826 0.5744260493098884 -17.839349 -35.15992 -1076.046101
p 7.33 0.647397289150951 0.17399555402484115 -0.4712164463958227 0.5731994189945937 -17.820245 -35.297085 -1075.624356
m 7.33 -494.1398002952252 -650.77459263885 -500.4854750440252 -466.79610940230305
p 7.366 0.6468717028901481 0.17457364342180423 -0.47321632501829153 0.5719677462268461 -17.735113 -35.287338 -1074.584714
p 7.398 0.6449653091446081 0.17376128360862383 -0.4766868785667776 0.5714865509415459 -17.62967 -35.143631 -1071.877627
p 7.429 0.6462660056045033 0.17477362111031777 -0.47415344044496444 0.5718156251377255 -17.721223 -35.244462 -1074.976805
m 7.429 -494.1398002952252 -650.77459263885 -500.4854750440252 -466.79610940230305
p 7.465 0.645924337674313 0.1750224343721857 -0.47440618370770826 0.5719160564998954 -17.718596 -35.211901 -1074.923457
p 7.497 0.6454953524232379 0.17380953957114972 -0.47552201398150595 0.5718433891340774 -17.767112 -35.158186 -1074.834189
p 7.529 0.6453394455633408 0.17459842378245077 -0.47527971846235983 0.5719803779819783 -17.772834 -35.200884 -1073.070711
m 7.529 -494.1398002952252 -650.77459263885 -500.4854750440252 -466.79610940230305
p 7.565 0.6455549937844179 0.1740409431911545 -0.47527670446998527 0.5719094477693613 -17.741504 -35.183194 -1072.965193
p 7.597 0.6461329197618706 0.17602956995585023 -0.4723014269455096 0.5731119537083402 -17.863274 -35.353453 -1078.679665
p 7.629 0.6457873101881145 0.17438326554790304 -0.47452736398727713 0.5721647734025116 -17.735766 -35.226005 -1072.388168
m 7.629 -494.1398002952252 -650.77459263885 -500.4854750440252 -466.79610940230305
p 7.665 0.6467992346934247 0.17434119267851125 -0.4728843721421139 0.5723955443074732 -17.774948 -35.291236 -1074.568473
p 7.697 0.6463727639682848 0.1749679230072713 -0.47249786350061207 0.5730044962386024 -17.73983 -35.222926 -1074.167388
p 7.729 0.6465191412479603 0.17480224913658976 -0.4731383504122432 0.5723612440703858 -17.746527 -35.275998 -1074.542813
m 7.729 -494.1398002952252 -650.77459263885 -500.4854750440252 -466.79610940230305
p 7.765 0.646262910896177 0.17464680101088512 -0.4741916870566506 0.5718261001355356 -17.716106 -35.245126 -1073.056733
p 7.797 0.646157681994109 0.17624916204437896 -0.4735763553187778 0.5719629438737671 -17.696157 -35.279696 -1075.491288
p 7.829 0.6457396921360804 0.17597570876292537 -0.4743409050584604 0.5718860161412804 -17.68568 -35.254251 -1074.486718
m 7.829 -494.1398002952252 -650.77459263885 -500.4854750440252 -466.79610940230305
p 7.865 0.6456181146777095 0.17585124614521574 -0.4741192866820414 0.5722454057603841 -17.7238 -35.23821 -1074.799682
p 7.897 0.6453394455633408 0.17459842378245077 -0.47527971846235983 0.5719803779819783 -17.772834 -35.200884 -1073.070711
p 7.929 0.6459059529064584 0.17356590304755348 -0.4734148967416066 0.573200708762655 -17.822126 -35.257696 -1076.173296
m 7.929 -494.1398002952252 -650.77459263885 -500.4854750440252 -466.79610940230305
p 7.965 0.6460239933624756 0.1734776899178086 -0.4725412726717648 0.5738149880015463 -17.821017 -35.300618 -1077.341174
p 7.997 0.6469064847410326 0.17484289100190206 -0.47204349809886936 0.5728150184618112 -17.826021 -35.328586 -1078.355963
p 8.029 0.6464048653901051 0.17413544672512457 -0.4741912018484198 0.571821964515891 -17.730344 -35.231549 -1074.173893
m 8.029 -494.1398002952252 -650.77459263885 -500.4854750440252 -466.79610940230305
p 8.065 0.6465191412479603 0.17480224913658976 -0.4731383504122432 0.5723612440703858 -17.746527 -35.275998 -1074.542813
p 8.097 0.6473451552301909 0.1744185448639844 -0.47334176756299506 0.5713756363380437 -17.693921 -35.286801 -1075.361863
p 8.129 0.6475303081709767 0.1743601783195428 -0.4722593616718473 0.5720790136392934 -17.745459 -35.336225 -1076.573759
m 8.129 -494.1398002952252 -650.77459263885 -500.4854750440252 -466.79610940230305
