m -1 -861.8283316158453 -430.29978209188846 510.33540551904036 594.2255708269968
m -1 -861.8283316158453 -430.29978209188846 510.33540551904036 594.2255708269968
m -1 -861.8283316158453 -430.29978209188846 510.33540551904036 594.2255708269968
m -1 -861.8283316158453 -430.29978209188846 510.33540551904036 594.2255708269968
m -1 -861.8283316158453 -430.29978209188846 510.33540551904036 594.2255708269968
m -1 -861.8283316158453 -430.29978209188846 510.33540551904036 594.2255708269968
m -1 -861.8283316158453 -430.29978209188846 510.33540551904036 594.2255708269968
m -1 -861.8283316158453 -430.29978209188846 510.33540551904036 594.2255708269968
m -1 -861.8283316158453 -430.29978209188846 510.33540551904036 594.2255708269968
m -1 -861.8283316158453 -430.29978209188846 510.33540551904036 594.2255708269968
m -1 -861.8283316158453 -430.29978209188846 510.33540551904036 594.2255708269968
m -1 -861.8283316158453 -430.29978209188846 510.33540551904036 594.2255708269968
m -1 -861.8283316158453 -430.29978209188846 510.33540551904036 594.2255708269968
m -1 -861.8283316158453 -430.29978209188846 510.33540551904036 594.2255708269968
m -1 -861.8283316158453 -430.29978209188846 510.33540551904036 594.2255708269968
m -1 -861.8283316158453 -430.29978209188846 510.33540551904036 594.2255708269968
m -1 -861.8283316158453 -430.29978209188846 510.33540551904036 594.2255708269968
m -1 -861.8283316158453 -430.29978209188846 510.33540551904036 594.2255708269968
m -1 -861.8283316158453 -430.29978209188846 510.33540551904036 594.2255708269968
m -1 -861.8283316158453 -430.29978209188846 510.33540551904036 594.2255708269968
m -1 -861.8283316158453 -430.29978209188846 510.33540551904036 594.2255708269968
m -1 -861.8283316158453 -430.29978209188846 510.33540551904036 594.2255708269968
m -1 -861.8283316158453 -430.29978209188846 510.33540551904036 594.2255708269968
m -1 -861.8283316158453 -430.29978209188846 510.33540551904036 594.2255708269968
m -1 -861.8283316158453 -430.29978209188846 510.33540551904036 594.2255708269968
m -1 0 0 0 -300.0
m -1 0 0 0 -300.0
m -1 0 0 0 -300.0
m -1 0 0 0 -300.0
m -1 0 0 0 -300.0
m -1 0 0 0 -300.0
m -1 0 0 0 -300.0
m -1 0 0 0 -300.0
m -1 0 0 0 -300.0
m -1 0 0 0 -300.0
m -1 0 0 0 -300.0
m -1 0 0 0 -300.0
m -1 0 0 0 -300.0
m -1 0 0 0 -300.0
m -1 0 0 0 -300.0
m -1 0 0 0 -300.0
m -1 0 0 0 -300.0
m -1 0 0 0 -300.0
m -1 0 0 0 -300.0
m -1 0 0 0 -300.0
m -1 0 0 0 -300.0
m -1 0 0 0 -300.0
m -1 0 0 0 -300.0
